[2016_11_18 00:07:37]Received：0x02 : Bytes：47  01 CA 16 11 00 21 02 16 11 18 00 07 36 01 1A A0 FF 4C 06 06 00 A7 20 64 00 00 04 CA 16 11 00 01 C1 0B C0 05 00 00 00 00 00 00 00 00 00 00 00 
[2016_11_18 00:17:41]Received：0x02 : Bytes：47  01 CA 16 11 00 21 02 16 11 18 00 17 40 01 1A A1 FF 4C 06 05 00 A5 20 64 00 00 04 CA 16 11 00 01 C1 08 C0 07 00 00 00 00 00 00 00 00 00 00 00 
[2016_11_18 00:27:45]Received：0x02 : Bytes：47  01 CA 16 11 00 21 02 16 11 18 00 27 44 01 1A A2 FF 4C 06 09 00 A5 20 64 00 00 04 CA 16 11 00 01 C1 06 C0 05 00 00 00 00 00 00 00 00 00 00 00 
[2016_11_18 00:37:48]Received：0x02 : Bytes：47  01 CA 16 11 00 21 02 16 11 18 00 37 48 01 1A A3 FF 59 06 04 00 A7 20 64 00 00 04 CA 16 11 00 01 C1 05 C0 05 00 00 00 00 00 00 00 00 00 00 00 
[2016_11_18 00:47:53]Received：0x02 : Bytes：47  01 CA 16 11 00 21 02 16 11 18 00 47 52 01 1A A4 FF 5C 05 F9 00 BE 20 64 00 00 04 CA 16 11 00 01 C1 06 C0 07 00 00 00 00 00 00 00 00 00 00 00 
[2016_11_18 00:57:57]Received：0x02 : Bytes：47  01 CA 16 11 00 21 02 16 11 18 00 57 56 01 1A A5 FF 58 06 04 00 A5 20 64 00 00 04 CA 16 11 00 01 C1 06 C1 03 00 00 00 00 00 00 00 00 00 00 00 
[2016_11_18 01:08:01]Received：0x02 : Bytes：47  01 CA 16 11 00 21 02 16 11 18 01 08 00 01 1A A6 FF 59 05 F6 00 BD 20 64 00 00 04 CA 16 11 00 01 C1 06 C0 06 00 00 00 00 00 00 00 00 00 00 00 
[2016_11_18 01:18:05]Received：0x02 : Bytes：47  01 CA 16 11 00 21 02 16 11 18 01 18 04 01 1A A7 FF 5A 05 F7 00 BD 20 64 00 00 04 CA 16 11 00 01 C1 0A C1 04 00 00 00 00 00 00 00 00 00 00 00 
[2016_11_18 01:28:09]Received：0x02 : Bytes：47  01 CA 16 11 00 21 02 16 11 18 01 28 08 01 1A A8 FF 5B 05 F6 00 BC 20 64 00 00 04 CA 16 11 00 01 C1 0C C1 06 00 00 00 00 00 00 00 00 00 00 00 
[2016_11_18 01:38:13]Received：0x02 : Bytes：47  01 CA 16 11 00 21 02 16 11 18 01 38 12 01 1A A9 FF 5C 05 F4 00 BE 20 64 00 00 04 CA 16 11 00 01 C2 0B C0 04 00 00 00 00 00 00 00 00 00 00 00 
[2016_11_18 01:48:17]Received：0x02 : Bytes：47  01 CA 16 11 00 21 02 16 11 18 01 48 16 01 1A AA FF 5E 05 F7 00 BD 20 64 00 00 04 CA 16 11 00 01 C2 0C C0 0E 00 00 00 00 00 00 00 00 00 00 00 
[2016_11_18 01:58:21]Received：0x02 : Bytes：47  01 CA 16 11 00 21 02 16 11 18 01 58 20 01 1A AB FF 5E 05 EB 00 D7 20 64 00 00 04 CA 16 11 00 01 C2 0A C1 07 00 00 00 00 00 00 00 00 00 00 00 
[2016_11_18 02:08:25]Received：0x02 : Bytes：47  01 CA 16 11 00 21 02 16 11 18 02 08 23 01 1A AC FF 5F 05 E7 00 D8 20 64 00 00 04 CA 16 11 00 01 C2 08 C1 07 00 00 00 00 00 00 00 00 00 00 00 
[2016_11_18 02:18:29]Received：0x02 : Bytes：47  01 CA 16 11 00 21 02 16 11 18 02 18 28 01 1A AD FF 5A 06 04 00 A4 20 64 00 00 04 CA 16 11 00 01 C1 09 BF 04 00 00 00 00 00 00 00 00 00 00 00 
[2016_11_18 02:28:31]Received：0x02 : Bytes：47  01 CA 16 11 00 21 02 16 11 18 02 28 30 01 1A AE FF 59 06 06 00 A4 20 64 00 00 04 CA 16 11 00 01 C1 08 C0 0F 00 00 00 00 00 00 00 00 00 00 00 
[2016_11_18 02:38:35]Received：0x02 : Bytes：47  01 CA 16 11 00 21 02 16 11 18 02 38 34 01 1A AF FF 5B 06 03 00 A5 20 64 00 00 04 CA 16 11 00 01 C1 09 C1 05 00 00 00 00 00 00 00 00 00 00 00 
[2016_11_18 02:48:39]Received：0x02 : Bytes：47  01 CA 16 11 00 21 02 16 11 18 02 48 38 01 1A B0 FF 58 06 05 00 A4 20 64 00 00 04 CA 16 11 00 01 C1 08 C0 12 00 00 00 00 00 00 00 00 00 00 00 
[2016_11_18 02:58:43]Received：0x02 : Bytes：47  01 CA 16 11 00 21 02 16 11 18 02 58 42 01 1A B1 FF 58 06 05 00 A7 20 64 00 00 04 CA 16 11 00 01 C1 08 C0 09 00 00 00 00 00 00 00 00 00 00 00 
[2016_11_18 03:08:47]Received：0x02 : Bytes：47  01 CA 16 11 00 21 02 16 11 18 03 08 46 01 1A B2 FF 59 06 05 00 A3 20 64 00 00 04 CA 16 11 00 01 C1 08 C0 05 00 00 00 00 00 00 00 00 00 00 00 
[2016_11_18 03:18:51]Received：0x02 : Bytes：47  01 CA 16 11 00 21 02 16 11 18 03 18 50 01 1A B3 FF 5C 05 F6 00 BD 20 64 00 00 04 CA 16 11 00 01 C1 05 C0 06 00 00 00 00 00 00 00 00 00 00 00 
[2016_11_18 03:28:55]Received：0x02 : Bytes：47  01 CA 16 11 00 21 02 16 11 18 03 28 54 01 1A B4 FF 5C 05 F7 00 C1 20 64 00 00 04 CA 16 11 00 01 C1 05 C0 04 00 00 00 00 00 00 00 00 00 00 00 
[2016_11_18 03:38:59]Received：0x02 : Bytes：47  01 CA 16 11 00 21 02 16 11 18 03 38 58 01 1A B5 FF 5B 05 F6 00 BF 20 64 00 00 04 CA 16 11 00 01 C1 06 C1 03 00 00 00 00 00 00 00 00 00 00 00 
[2016_11_18 03:49:03]Received：0x02 : Bytes：47  01 CA 16 11 00 21 02 16 11 18 03 49 02 01 1A B6 FF 5E 05 F8 00 BE 20 64 00 00 04 CA 16 11 00 01 C1 08 C0 07 00 00 00 00 00 00 00 00 00 00 00 
[2016_11_18 03:59:07]Received：0x02 : Bytes：47  01 CA 16 11 00 21 02 16 11 18 03 59 06 01 1A B7 FF 59 05 F7 00 BB 20 64 00 00 04 CA 16 11 00 01 C1 08 C0 04 00 00 00 00 00 00 00 00 00 00 00 
[2016_11_18 04:09:11]Received：0x02 : Bytes：47  01 CA 16 11 00 21 02 16 11 18 04 09 10 01 1A B8 FF 5C 05 F5 00 BD 20 64 00 00 04 CA 16 11 00 01 C1 08 C1 0B 00 00 00 00 00 00 00 00 00 00 00 
[2016_11_18 04:19:15]Received：0x02 : Bytes：47  01 CA 16 11 00 21 02 16 11 18 04 19 14 01 1A B9 FF 5D 05 F7 00 C0 20 64 00 00 04 CA 16 11 00 01 C1 06 C0 03 00 00 00 00 00 00 00 00 00 00 00 
[2016_11_18 04:29:19]Received：0x02 : Bytes：47  01 CA 16 11 00 21 02 16 11 18 04 29 18 01 1A BA FF 5E 05 F7 00 BE 20 64 00 00 04 CA 16 11 00 01 C1 05 C1 0D 00 00 00 00 00 00 00 00 00 00 00 
[2016_11_18 04:39:22]Received：0x02 : Bytes：47  01 CA 16 11 00 21 02 16 11 18 04 39 21 01 1A BB FF 5C 05 E8 00 D6 20 64 00 00 04 CA 16 11 00 01 C2 09 C1 08 00 00 00 00 00 00 00 00 00 00 00 
[2016_11_18 04:49:27]Received：0x02 : Bytes：47  01 CA 16 11 00 21 02 16 11 18 04 49 25 01 1A BC FF 59 05 EB 00 D6 20 64 00 00 04 CA 16 11 00 01 C2 0D C0 0A 00 00 00 00 00 00 00 00 00 00 00 
[2016_11_18 04:59:30]Received：0x02 : Bytes：47  01 CA 16 11 00 21 02 16 11 18 04 59 29 01 1A BD FF E5 05 05 00 C9 20 64 00 00 04 CA 16 11 00 01 C2 0D C1 07 00 00 00 00 00 00 00 00 00 00 00 
[2016_11_18 05:09:34]Received：0x02 : Bytes：47  01 CA 16 11 00 21 02 16 11 18 05 09 33 01 1A BE 02 34 01 F8 FF 4E 20 64 00 00 04 CA 16 11 00 01 C2 0C C6 09 00 00 00 00 00 00 00 00 00 00 00 
[2016_11_18 05:19:38]Received：0x02 : Bytes：47  01 CA 16 11 00 21 02 16 11 18 05 19 37 01 1A BF 02 34 01 FB FF 4D 20 64 00 00 04 CA 16 11 00 01 C3 08 C6 07 00 00 00 00 00 00 00 00 00 00 00 
[2016_11_18 05:29:42]Received：0x02 : Bytes：47  01 CA 16 11 00 21 02 16 11 18 05 29 41 01 1A C0 02 36 01 F8 FF 4B 20 64 00 00 04 CA 16 11 00 01 C4 06 C6 03 00 00 00 00 00 00 00 00 00 00 00 
[2016_11_18 05:39:46]Received：0x02 : Bytes：47  01 CA 16 11 00 21 02 16 11 18 05 39 45 01 1A C1 02 75 03 30 00 C2 20 64 00 00 04 CA 16 11 00 01 C5 06 C1 09 00 00 00 00 00 00 00 00 00 00 00 
[2016_11_18 05:49:50]Received：0x02 : Bytes：47  01 CA 16 11 00 21 02 16 11 18 05 49 49 01 1A C2 02 2E 02 00 FF 51 20 64 00 00 04 CA 16 11 00 01 C5 07 C6 05 00 00 00 00 00 00 00 00 00 00 00 
[2016_11_18 05:59:54]Received：0x02 : Bytes：47  01 CA 16 11 00 21 02 16 11 18 05 59 53 01 1A C3 02 37 01 E7 FF 62 20 64 00 00 04 CA 16 11 00 01 C6 06 C6 06 00 00 00 00 00 00 00 00 00 00 00 
[2016_11_18 06:09:58]Received：0x02 : Bytes：47  01 CA 16 11 00 21 02 16 11 18 06 09 57 01 1A C4 01 CC 01 5C FF BC 20 64 00 00 04 CA 16 11 00 01 C6 05 BE 08 00 00 00 00 00 00 00 00 00 00 00 
[2016_11_18 06:20:02]Received：0x02 : Bytes：47  01 CA 16 11 00 21 02 16 11 18 06 20 01 01 1A C5 01 D8 01 4C FF B2 20 64 00 00 04 CA 16 11 00 01 C4 05 BD 04 00 00 00 00 00 00 00 00 00 00 00 
[2016_11_18 06:30:06]Received：0x02 : Bytes：47  01 CA 16 11 00 21 02 16 11 18 06 30 05 01 1A C6 01 BD 01 69 FF C9 20 64 00 00 04 CA 16 11 00 01 C3 06 BF 08 00 00 00 00 00 00 00 00 00 00 00 
[2016_11_18 06:40:10]Received：0x02 : Bytes：47  01 CA 16 11 00 21 02 16 11 18 06 40 09 01 1A C7 02 55 01 A5 FF D4 20 64 00 00 04 CA 16 11 00 01 C1 05 C2 07 00 00 00 00 00 00 00 00 00 00 00 
[2016_11_18 06:50:14]Received：0x02 : Bytes：47  01 CA 16 11 00 21 02 16 11 18 06 50 13 01 1A C8 02 44 01 B1 FF DB 20 64 00 00 04 CA 16 11 00 01 C0 06 C1 06 00 00 00 00 00 00 00 00 00 00 00 
[2016_11_18 07:00:18]Received：0x02 : Bytes：47  01 CA 16 11 00 21 02 16 11 18 07 00 17 01 1A C9 02 43 01 B4 FF D6 20 64 00 00 04 CA 16 11 00 01 C1 05 C2 06 00 00 00 00 00 00 00 00 00 00 00 
[2016_11_18 07:10:23]Received：0x02 : Bytes：47  01 CA 16 11 00 21 02 16 11 18 07 10 22 01 1A CA 02 43 01 B1 FF DB 20 64 00 00 04 CA 16 11 00 01 C2 06 C2 05 00 00 00 00 00 00 00 00 00 00 00 
[2016_11_18 07:20:26]Received：0x02 : Bytes：47  01 CA 16 11 00 21 02 16 11 18 07 20 26 01 1A CB 02 3F 01 A5 FF F7 20 64 00 00 04 CA 16 11 00 01 C3 08 C2 0C 00 00 00 00 00 00 00 00 00 00 00 
[2016_11_18 07:30:30]Received：0x02 : Bytes：47  01 CA 16 11 00 21 02 16 11 18 07 30 30 01 1A CC 02 1A 02 09 FF 5E 20 64 00 00 04 CA 16 11 00 01 C2 07 C5 05 00 00 00 00 00 00 00 00 00 00 00 
[2016_11_18 07:40:34]Received：0x02 : Bytes：47  01 CA 16 11 00 21 02 16 11 18 07 40 34 01 1A CD 02 08 02 1B FF 65 20 64 00 00 04 CA 16 11 00 01 C3 0A C5 12 00 00 00 00 00 00 00 00 00 00 00 
[2016_11_18 07:50:38]Received：0x02 : Bytes：47  01 CA 16 11 00 21 02 16 11 18 07 50 38 01 1A CE 02 06 02 26 FF 6B 20 64 00 00 04 CA 16 11 00 01 C4 0A C5 05 00 00 00 00 00 00 00 00 00 00 00 
[2016_11_18 08:00:42]Received：0x02 : Bytes：47  01 CA 16 11 00 21 02 16 11 18 08 00 42 01 1A CF 02 1D 02 09 FF 5C 20 64 00 00 04 CA 16 11 00 01 C5 09 C5 07 00 00 00 00 00 00 00 00 00 00 00 
[2016_11_18 08:10:46]Received：0x02 : Bytes：47  01 CA 16 11 00 21 02 16 11 18 08 10 46 01 1A D0 02 17 02 0D FF 60 20 64 00 00 04 CA 16 11 00 01 C6 09 C6 09 00 00 00 00 00 00 00 00 00 00 00 
[2016_11_18 08:20:50]Received：0x02 : Bytes：47  01 CA 16 11 00 21 02 16 11 18 08 20 50 01 1A D1 02 24 02 07 FF 6B 20 64 00 00 04 CA 16 11 00 01 C7 07 C5 09 00 00 00 00 00 00 00 00 00 00 00 
[2016_11_18 08:30:54]Received：0x02 : Bytes：47  01 CA 16 11 00 21 02 16 11 18 08 30 54 01 1A D2 02 28 01 FE FF 52 20 64 00 00 04 CA 16 11 00 01 C7 06 C5 03 00 00 00 00 00 00 00 00 00 00 00 
