[2016_11_17 00:09:44]Received：0x02 : Bytes：47  01 CA 16 11 00 28 02 16 11 17 00 09 43 00 1A 09 01 5C 01 BC 01 7B 20 64 00 00 04 CA 16 11 00 01 C4 0C C4 06 00 00 00 00 00 00 00 00 00 00 00 
[2016_11_17 00:19:48]Received：0x02 : Bytes：47  01 CA 16 11 00 28 02 16 11 17 00 19 47 00 1A 0A 01 5F 01 BA 01 78 20 64 00 00 04 CA 16 11 00 01 C4 0D C5 09 00 00 00 00 00 00 00 00 00 00 00 
[2016_11_17 00:29:52]Received：0x02 : Bytes：47  01 CA 16 11 00 28 02 16 11 17 00 29 51 00 1A 0B 01 62 01 B9 01 7D 20 64 00 00 04 CA 16 11 00 01 C4 0C C4 07 00 00 00 00 00 00 00 00 00 00 00 
[2016_11_17 00:39:55]Received：0x02 : Bytes：47  01 CA 16 11 00 28 02 16 11 17 00 39 55 00 1A 0C 01 64 01 A9 01 90 20 64 00 00 04 CA 16 11 00 01 C4 08 C4 07 00 00 00 00 00 00 00 00 00 00 00 
[2016_11_17 00:49:59]Received：0x02 : Bytes：47  01 CA 16 11 00 28 02 16 11 17 00 49 59 00 1A 0D 01 62 01 AA 01 8E 20 64 00 00 04 CA 16 11 00 01 C4 07 C4 07 00 00 00 00 00 00 00 00 00 00 00 
[2016_11_17 01:00:03]Received：0x02 : Bytes：47  01 CA 16 11 00 28 02 16 11 17 01 00 03 00 1A 0E 01 5A 01 CA 01 65 20 64 00 00 04 CA 16 11 00 01 C3 07 C4 09 00 00 00 00 00 00 00 00 00 00 00 
[2016_11_17 01:10:07]Received：0x02 : Bytes：47  01 CA 16 11 00 28 02 16 11 17 01 10 07 00 1A 0F 01 59 01 C8 01 67 20 64 00 00 04 CA 16 11 00 01 C4 05 C4 07 00 00 00 00 00 00 00 00 00 00 00 
[2016_11_17 01:20:11]Received：0x02 : Bytes：47  01 CA 16 11 00 28 02 16 11 17 01 20 11 00 1A 10 01 5B 01 C7 01 66 20 64 00 00 04 CA 16 11 00 01 C4 06 C5 06 00 00 00 00 00 00 00 00 00 00 00 
[2016_11_17 01:30:15]Received：0x02 : Bytes：47  01 CA 16 11 00 28 02 16 11 17 01 30 15 00 1A 11 01 58 01 CD 01 65 20 64 00 00 04 CA 16 11 00 01 C4 06 C4 07 00 00 00 00 00 00 00 00 00 00 00 
[2016_11_17 01:40:18]Received：0x02 : Bytes：47  01 CA 16 11 00 28 02 16 11 17 01 40 17 00 1A 12 01 5C 01 C8 01 63 20 64 00 00 04 CA 16 11 00 01 C5 04 C4 07 00 00 00 00 00 00 00 00 00 00 00 
[2016_11_17 01:50:22]Received：0x02 : Bytes：47  01 CA 16 11 00 28 02 16 11 17 01 50 21 00 1A 13 01 5A 01 C7 01 66 20 64 00 00 04 CA 16 11 00 01 C5 05 C5 07 00 00 00 00 00 00 00 00 00 00 00 
[2016_11_17 02:00:26]Received：0x02 : Bytes：47  01 CA 16 11 00 28 02 16 11 17 02 00 25 00 1A 14 01 52 01 CC 01 65 20 64 00 00 04 CA 16 11 00 01 C5 05 C5 06 00 00 00 00 00 00 00 00 00 00 00 
[2016_11_17 02:10:30]Received：0x02 : Bytes：47  01 CA 16 11 00 28 02 16 11 17 02 10 29 00 1A 15 01 59 01 C7 01 63 20 64 00 00 04 CA 16 11 00 01 C4 05 C5 0A 00 00 00 00 00 00 00 00 00 00 00 
[2016_11_17 02:20:34]Received：0x02 : Bytes：47  01 CA 16 11 00 28 02 16 11 17 02 20 32 00 1A 16 01 60 01 B9 01 77 20 64 00 00 04 CA 16 11 00 01 C4 06 C5 05 00 00 00 00 00 00 00 00 00 00 00 
[2016_11_17 02:30:38]Received：0x02 : Bytes：47  01 CA 16 11 00 28 02 16 11 17 02 30 37 00 1A 17 01 5B 01 BC 01 76 20 64 00 00 04 CA 16 11 00 01 C4 05 C5 0B 00 00 00 00 00 00 00 00 00 00 00 
[2016_11_17 02:40:42]Received：0x02 : Bytes：47  01 CA 16 11 00 28 02 16 11 17 02 40 41 00 1A 18 01 5D 01 BB 01 77 20 64 00 00 04 CA 16 11 00 01 C4 06 C5 04 00 00 00 00 00 00 00 00 00 00 00 
[2016_11_17 02:50:46]Received：0x02 : Bytes：47  01 CA 16 11 00 28 02 16 11 17 02 50 45 00 1A 19 01 5E 01 B9 01 76 20 64 00 00 04 CA 16 11 00 01 C4 07 C5 06 00 00 00 00 00 00 00 00 00 00 00 
[2016_11_17 03:00:50]Received：0x02 : Bytes：47  01 CA 16 11 00 28 02 16 11 17 03 00 49 00 1A 1A 01 60 01 B6 01 7A 20 64 00 00 04 CA 16 11 00 01 C4 09 C6 03 00 00 00 00 00 00 00 00 00 00 00 
[2016_11_17 03:10:54]Received：0x02 : Bytes：47  01 CA 16 11 00 28 02 16 11 17 03 10 52 00 1A 1B 01 5C 01 BF 01 7B 20 64 00 00 04 CA 16 11 00 01 C5 08 C5 09 00 00 00 00 00 00 00 00 00 00 00 
[2016_11_17 03:20:58]Received：0x02 : Bytes：47  01 CA 16 11 00 28 02 16 11 17 03 20 57 00 1A 1C 01 64 01 A7 01 8E 20 64 00 00 04 CA 16 11 00 01 C5 07 C6 07 00 00 00 00 00 00 00 00 00 00 00 
[2016_11_17 03:31:01]Received：0x02 : Bytes：47  01 CA 16 11 00 28 02 16 11 17 03 31 01 00 1A 1D 01 62 01 AE 01 8E 20 64 00 00 04 CA 16 11 00 01 C5 07 C5 05 00 00 00 00 00 00 00 00 00 00 00 
[2016_11_17 03:41:05]Received：0x02 : Bytes：47  01 CA 16 11 00 28 02 16 11 17 03 41 05 00 1A 1E 01 5A 01 C7 01 64 20 64 00 00 04 CA 16 11 00 01 C5 05 C5 07 00 00 00 00 00 00 00 00 00 00 00 
[2016_11_17 03:51:09]Received：0x02 : Bytes：47  01 CA 16 11 00 28 02 16 11 17 03 51 09 00 1A 1F 01 5B 01 C7 01 65 20 64 00 00 04 CA 16 11 00 01 C5 07 C5 08 00 00 00 00 00 00 00 00 00 00 00 
[2016_11_17 04:01:13]Received：0x02 : Bytes：47  01 CA 16 11 00 28 02 16 11 17 04 01 13 00 1A 20 01 5B 01 C8 01 63 20 64 00 00 04 CA 16 11 00 01 C5 07 C5 05 00 00 00 00 00 00 00 00 00 00 00 
[2016_11_17 04:11:18]Received：0x02 : Bytes：47  01 CA 16 11 00 28 02 16 11 17 04 11 16 00 1A 21 01 5A 01 CA 01 67 20 64 00 00 04 CA 16 11 00 01 C4 07 C4 02 00 00 00 00 00 00 00 00 00 00 00 
[2016_11_17 04:21:21]Received：0x02 : Bytes：47  01 CA 16 11 00 28 02 16 11 17 04 21 21 00 1A 22 01 57 01 C6 01 64 20 64 00 00 04 CA 16 11 00 01 C4 06 C4 07 00 00 00 00 00 00 00 00 00 00 00 
[2016_11_17 04:31:24]Received：0x02 : Bytes：47  01 CA 16 11 00 28 02 16 11 17 04 31 24 00 1A 23 01 57 01 C9 01 67 20 64 00 00 04 CA 16 11 00 01 C4 06 C4 04 00 00 00 00 00 00 00 00 00 00 00 
[2016_11_17 04:41:28]Received：0x02 : Bytes：47  01 CA 16 11 00 28 02 16 11 17 04 41 27 00 1A 24 01 58 01 C9 01 64 20 64 00 00 04 CA 16 11 00 01 C4 07 C5 09 00 00 00 00 00 00 00 00 00 00 00 
[2016_11_17 04:51:32]Received：0x02 : Bytes：47  01 CA 16 11 00 28 02 16 11 17 04 51 31 00 1A 25 01 5C 01 B7 01 7B 20 64 00 00 04 CA 16 11 00 01 C4 07 C5 04 00 00 00 00 00 00 00 00 00 00 00 
[2016_11_17 05:01:36]Received：0x02 : Bytes：47  01 CA 16 11 00 28 02 16 11 17 05 01 35 00 1A 26 01 5A 01 C7 01 65 20 64 00 00 04 CA 16 11 00 01 C4 06 C5 11 00 00 00 00 00 00 00 00 00 00 00 
[2016_11_17 05:11:40]Received：0x02 : Bytes：47  01 CA 16 11 00 28 02 16 11 17 05 11 39 00 1A 27 01 5F 01 B9 01 76 20 64 00 00 04 CA 16 11 00 01 C4 06 C4 0B 00 00 00 00 00 00 00 00 00 00 00 
[2016_11_17 05:21:44]Received：0x02 : Bytes：47  01 CA 16 11 00 28 02 16 11 17 05 21 43 00 1A 28 01 5E 01 B8 01 77 20 64 00 00 04 CA 16 11 00 01 C4 06 C5 07 00 00 00 00 00 00 00 00 00 00 00 
[2016_11_17 05:31:48]Received：0x02 : Bytes：47  01 CA 16 11 00 28 02 16 11 17 05 31 47 00 1A 29 01 61 01 B7 01 7B 20 64 00 00 04 CA 16 11 00 01 C4 06 C4 0C 00 00 00 00 00 00 00 00 00 00 00 
[2016_11_17 05:41:52]Received：0x02 : Bytes：47  01 CA 16 11 00 28 02 16 11 17 05 41 51 00 1A 2A 01 5D 01 B8 01 7A 20 64 00 00 04 CA 16 11 00 01 C4 07 C5 08 00 00 00 00 00 00 00 00 00 00 00 
[2016_11_17 05:51:56]Received：0x02 : Bytes：47  01 CA 16 11 00 28 02 16 11 17 05 51 55 00 1A 2B 01 5B 01 B9 01 75 20 64 00 00 04 CA 16 11 00 01 C4 07 C4 03 00 00 00 00 00 00 00 00 00 00 00 
[2016_11_17 06:02:00]Received：0x02 : Bytes：47  01 CA 16 11 00 28 02 16 11 17 06 01 59 00 1A 2C 01 5F 01 AA 01 90 20 64 00 00 04 CA 16 11 00 01 C4 05 C5 07 00 00 00 00 00 00 00 00 00 00 00 
[2016_11_17 06:12:04]Received：0x02 : Bytes：47  01 CA 16 11 00 28 02 16 11 17 06 12 03 00 1A 2D 01 62 01 AC 01 8E 20 64 00 00 04 CA 16 11 00 01 C4 06 C5 04 00 00 00 00 00 00 00 00 00 00 00 
[2016_11_17 06:22:05]Received：0x02 : Bytes：47  01 CA 16 11 00 28 02 16 11 17 06 22 05 00 1A 2E 01 52 01 CF 01 67 20 64 00 00 04 CA 16 11 00 01 C4 07 C4 10 00 00 00 00 00 00 00 00 00 00 00 
[2016_11_17 06:32:09]Received：0x02 : Bytes：47  01 CA 16 11 00 28 02 16 11 17 06 32 09 00 1A 2F 01 54 01 CB 01 67 20 64 00 00 04 CA 16 11 00 01 C4 08 C5 0E 00 00 00 00 00 00 00 00 00 00 00 
[2016_11_17 06:42:13]Received：0x02 : Bytes：47  01 CA 16 11 00 28 02 16 11 17 06 42 13 00 1A 30 01 5C 01 C5 01 59 20 64 00 00 04 CA 16 11 00 01 C4 09 C5 07 00 00 00 00 00 00 00 00 00 00 00 
[2016_11_17 06:52:17]Received：0x02 : Bytes：47  01 CA 16 11 00 28 02 16 11 17 06 52 17 00 1A 31 01 55 01 C7 01 59 20 64 00 00 04 CA 16 11 00 01 C4 0A C4 07 00 00 00 00 00 00 00 00 00 00 00 
[2016_11_17 07:02:21]Received：0x02 : Bytes：47  01 CA 16 11 00 28 02 16 11 17 07 02 21 00 1A 32 01 51 01 CF 01 6E 20 64 00 00 04 CA 16 11 00 01 C4 09 C5 0F 00 00 00 00 00 00 00 00 00 00 00 
[2016_11_17 07:12:25]Received：0x02 : Bytes：47  01 CA 16 11 00 28 02 16 11 17 07 12 25 00 1A 33 01 57 01 C3 01 6D 20 64 00 00 04 CA 16 11 00 01 C3 08 C5 0D 00 00 00 00 00 00 00 00 00 00 00 
[2016_11_17 07:22:28]Received：0x02 : Bytes：47  01 CA 16 11 00 28 02 16 11 17 07 22 27 00 1A 34 01 51 01 CC 01 71 20 64 00 00 04 CA 16 11 00 01 C4 07 C4 06 00 00 00 00 00 00 00 00 00 00 00 
[2016_11_17 07:32:31]Received：0x02 : Bytes：47  01 CA 16 11 00 28 02 16 11 17 07 32 30 00 1A 35 01 4A 01 CE 01 63 20 64 00 00 04 CA 16 11 00 01 C4 05 C4 05 00 00 00 00 00 00 00 00 00 00 00 
[2016_11_17 07:42:35]Received：0x02 : Bytes：47  01 CA 16 11 00 28 02 16 11 17 07 42 34 00 1A 36 01 6B 01 7E 01 68 20 64 00 00 04 CA 16 11 00 01 C4 04 CA 09 00 00 00 00 00 00 00 00 00 00 00 
[2016_11_17 07:52:39]Received：0x02 : Bytes：47  01 CA 16 11 00 28 02 16 11 17 07 52 38 00 1A 37 01 6D 01 74 01 6B 20 64 00 00 04 CA 16 11 00 01 C5 05 CA 03 00 00 00 00 00 00 00 00 00 00 00 
[2016_11_17 08:02:43]Received：0x02 : Bytes：47  01 CA 16 11 00 28 02 16 11 17 08 02 42 00 1A 38 01 69 FF 38 00 1D 20 64 00 00 04 CA 16 11 00 01 C7 05 C1 0C 00 00 00 00 00 00 00 00 00 00 00 
[2016_11_17 08:12:47]Received：0x02 : Bytes：47  01 CA 16 11 00 28 02 16 11 17 08 12 46 00 1A 39 01 71 FF 2E 00 1C 20 64 00 00 04 CA 16 11 00 01 C5 06 BC 08 00 00 00 00 00 00 00 00 00 00 00 
[2016_11_17 08:22:51]Received：0x02 : Bytes：47  01 CA 16 11 00 28 02 16 11 17 08 22 50 00 1A 3A 01 6F FF 2C 00 14 20 64 00 00 04 CA 16 11 00 01 C3 07 BE 0F 00 00 00 00 00 00 00 00 00 00 00 
[2016_11_17 08:32:55]Received：0x02 : Bytes：47  01 CA 16 11 00 28 02 16 11 17 08 32 54 00 1A 3B 01 77 FF 20 00 1C 20 64 00 00 04 CA 16 11 00 01 C0 09 BE 09 00 00 00 00 00 00 00 00 00 00 00 
[2016_11_17 08:44:14]Received：0x22 : Bytes：31  01 CA 16 11 00 28 62 16 11 17 08 43 32 00 00 00 00 00 00 01 00 00 00 00 00 00 00 00 00 00 00 
[2016_11_17 08:44:14]Sent：0xA2 : Bytes：15  01 CA 16 11 00 28 A2 16 11 17 08 43 32 00 00 
[2016_11_17 08:44:16]Received：0x22 : Bytes：31  01 CA 16 11 00 28 62 16 11 17 08 43 32 00 00 00 00 00 00 01 00 00 00 00 00 00 00 00 00 00 00 
[2016_11_17 08:44:16]Sent：0xA2 : Bytes：15  01 CA 16 11 00 28 A2 16 11 17 08 43 32 00 00 
[2016_11_17 08:53:01]Received：0x02 : Bytes：47  01 CA 16 11 00 28 02 16 11 17 08 53 00 00 1A 3D 01 71 FF 22 00 30 20 64 00 00 04 CA 16 11 00 01 BD 08 C1 0F 00 00 00 00 00 00 00 00 00 00 00 
[2016_11_17 09:03:05]Received：0x02 : Bytes：47  01 CA 16 11 00 28 02 16 11 17 09 03 04 00 1A 3E 01 70 01 80 01 52 20 64 00 00 04 CA 16 11 00 01 BF 06 C8 03 00 00 00 00 00 00 00 00 00 00 00 
[2016_11_17 09:13:09]Received：0x02 : Bytes：47  01 CA 16 11 00 28 02 16 11 17 09 13 08 00 1A 3F 02 9D 03 0F 01 34 20 64 00 00 04 CA 16 11 00 01 C2 05 C2 09 00 00 00 00 00 00 00 00 00 00 00 
[2016_11_17 09:23:13]Received：0x02 : Bytes：47  01 CA 16 11 00 28 02 16 11 17 09 23 12 00 1A 40 01 C2 03 EB 01 98 20 64 00 00 04 CA 16 11 00 01 C3 06 C3 08 00 00 00 00 00 00 00 00 00 00 00 
[2016_11_17 09:33:18]Received：0x02 : Bytes：47  01 CA 16 11 00 28 02 16 11 17 09 33 17 00 1A 41 01 C6 03 E5 01 A2 20 64 00 00 04 CA 16 11 00 01 C4 05 C4 0A 00 00 00 00 00 00 00 00 00 00 00 
[2016_11_17 09:43:21]Received：0x02 : Bytes：47  01 CA 16 11 00 28 02 16 11 17 09 43 20 00 1A 42 01 CB 03 E0 01 A7 20 64 00 00 04 CA 16 11 00 01 C4 06 C6 08 00 00 00 00 00 00 00 00 00 00 00 
[2016_11_17 09:53:25]Received：0x02 : Bytes：47  01 CA 16 11 00 28 02 16 11 17 09 53 24 00 1A 43 01 C1 03 E5 01 A0 20 64 00 00 04 CA 16 11 00 01 C4 06 C2 08 00 00 00 00 00 00 00 00 00 00 00 
[2016_11_17 10:03:29]Received：0x02 : Bytes：47  01 CA 16 11 00 28 02 16 11 17 10 03 28 00 1A 44 01 CF 03 D6 01 BC 20 64 00 00 04 CA 16 11 00 01 C4 06 C6 05 00 00 00 00 00 00 00 00 00 00 00 
[2016_11_17 10:13:33]Received：0x02 : Bytes：47  01 CA 16 11 00 28 02 16 11 17 10 13 32 00 1A 45 01 C4 03 E3 01 AB 20 64 00 00 04 CA 16 11 00 01 C4 09 C5 09 00 00 00 00 00 00 00 00 00 00 00 
[2016_11_17 10:23:36]Received：0x02 : Bytes：47  01 CA 16 11 00 28 02 16 11 17 10 23 34 00 1A 46 01 D0 03 D0 01 C1 20 64 00 00 04 CA 16 11 00 01 C5 08 C2 05 00 00 00 00 00 00 00 00 00 00 00 
[2016_11_17 10:33:40]Received：0x02 : Bytes：47  01 CA 16 11 00 28 02 16 11 17 10 33 39 00 1A 47 01 CC 03 D9 01 9D 20 64 00 00 04 CA 16 11 00 01 C4 09 C3 05 00 00 00 00 00 00 00 00 00 00 00 
[2016_11_17 10:43:44]Received：0x02 : Bytes：47  01 CA 16 11 00 28 02 16 11 17 10 43 43 00 1A 48 01 2F 02 21 03 15 20 64 00 00 04 CA 16 11 00 01 C4 08 C4 07 00 00 00 00 00 00 00 00 00 00 00 
[2016_11_17 10:53:48]Received：0x02 : Bytes：47  01 CA 16 11 00 28 02 16 11 17 10 53 47 00 1A 49 00 FE 00 F9 00 7B 20 64 00 00 04 CA 16 11 00 01 C3 05 C1 03 00 00 00 00 00 00 00 00 00 00 00 
[2016_11_17 11:03:52]Received：0x02 : Bytes：47  01 CA 16 11 00 28 02 16 11 17 11 03 51 00 1A 4A 00 F0 01 04 00 67 20 64 00 00 04 CA 16 11 00 01 C2 04 C3 09 00 00 00 00 00 00 00 00 00 00 00 
[2016_11_17 11:13:56]Received：0x02 : Bytes：47  01 CA 16 11 00 28 02 16 11 17 11 13 55 00 1A 4B 00 EF 01 07 00 6C 20 64 00 00 04 CA 16 11 00 01 C2 04 C0 04 00 00 00 00 00 00 00 00 00 00 00 
[2016_11_17 11:24:00]Received：0x02 : Bytes：47  01 CA 16 11 00 28 02 16 11 17 11 24 00 00 1A 4C 01 CD 00 E8 01 DA 20 64 00 00 04 CA 16 11 00 01 C2 04 C3 02 00 00 00 00 00 00 00 00 00 00 00 
[2016_11_17 11:34:04]Received：0x02 : Bytes：47  01 CA 16 11 00 28 02 16 11 17 11 34 03 00 1A 4D 01 D5 00 DF 01 EF 20 64 00 00 04 CA 16 11 00 01 C1 04 C2 06 00 00 00 00 00 00 00 00 00 00 00 
[2016_11_17 11:44:08]Received：0x02 : Bytes：47  01 CA 16 11 00 28 02 16 11 17 11 44 06 00 1A 4E 01 CE 00 EF 01 EE 20 64 00 00 04 CA 16 11 00 01 C1 09 C2 12 00 00 00 00 00 00 00 00 00 00 00 
[2016_11_17 11:54:13]Received：0x02 : Bytes：47  01 CA 16 11 00 28 02 16 11 17 11 54 12 00 1A 4F 01 CC 00 FB 01 D7 20 64 00 00 04 CA 16 11 00 01 C1 08 C3 04 00 00 00 00 00 00 00 00 00 00 00 
[2016_11_17 12:04:16]Received：0x02 : Bytes：47  01 CA 16 11 00 28 02 16 11 17 12 04 15 00 1A 50 03 E3 00 9E FD 46 20 64 00 00 04 CA 16 11 00 01 C2 08 C1 0C 00 00 00 00 00 00 00 00 00 00 00 
[2016_11_17 12:14:20]Received：0x02 : Bytes：47  01 CA 16 11 00 28 02 16 11 17 12 14 19 00 1A 51 01 B5 02 09 00 0F 20 64 00 00 04 CA 16 11 00 01 C2 0A C3 04 00 00 00 00 00 00 00 00 00 00 00 
[2016_11_17 12:24:24]Received：0x02 : Bytes：47  01 CA 16 11 00 28 02 16 11 17 12 24 23 00 1A 52 01 A9 02 0F FF FD 20 64 00 00 04 CA 16 11 00 01 C2 06 C1 05 00 00 00 00 00 00 00 00 00 00 00 
[2016_11_17 12:34:28]Received：0x02 : Bytes：47  01 CA 16 11 00 28 02 16 11 17 12 34 27 00 1A 53 01 AB 02 0F 00 13 20 64 00 00 04 CA 16 11 00 01 C1 06 C5 12 00 00 00 00 00 00 00 00 00 00 00 
[2016_11_17 12:44:32]Received：0x02 : Bytes：47  01 CA 16 11 00 28 02 16 11 17 12 44 31 00 1A 54 01 A5 02 15 00 11 20 64 00 00 04 CA 16 11 00 01 C1 06 C0 0B 00 00 00 00 00 00 00 00 00 00 00 
[2016_11_17 13:04:40]Received：0x02 : Bytes：47  01 CA 16 11 00 28 02 16 11 17 13 04 39 00 1A 56 01 B8 02 14 00 15 20 64 00 00 04 CA 16 11 00 01 C0 05 C3 05 00 00 00 00 00 00 00 00 00 00 00 
[2016_11_17 13:14:44]Received：0x02 : Bytes：47  01 CA 16 11 00 28 02 16 11 17 13 14 43 00 1A 57 01 94 02 18 FF F0 20 64 00 00 04 CA 16 11 00 01 C0 08 C2 04 00 00 00 00 00 00 00 00 00 00 00 
[2016_11_17 13:24:46]Received：0x02 : Bytes：47  01 CA 16 11 00 28 02 16 11 17 13 24 45 00 1A 58 01 BA 01 FA 00 1E 20 64 00 00 04 CA 16 11 00 01 C0 06 C5 0A 00 00 00 00 00 00 00 00 00 00 00 
[2016_11_17 13:34:50]Received：0x02 : Bytes：47  01 CA 16 11 00 28 02 16 11 17 13 34 49 00 1A 59 01 B8 01 F9 00 13 20 64 00 00 04 CA 16 11 00 01 C1 08 C4 1A 00 00 00 00 00 00 00 00 00 00 00 
[2016_11_17 13:44:54]Received：0x02 : Bytes：47  01 CA 16 11 00 28 02 16 11 17 13 44 53 00 1A 5A 01 BA 01 FC 00 10 20 64 00 00 04 CA 16 11 00 01 C2 08 C3 04 00 00 00 00 00 00 00 00 00 00 00 
[2016_11_17 13:54:58]Received：0x02 : Bytes：47  01 CA 16 11 00 28 02 16 11 17 13 54 57 00 1A 5B 01 BE 01 F1 00 16 20 64 00 00 04 CA 16 11 00 01 C3 06 C3 07 00 00 00 00 00 00 00 00 00 00 00 
[2016_11_17 14:05:02]Received：0x02 : Bytes：47  01 CA 16 11 00 28 02 16 11 17 14 05 01 00 1A 5C 01 7D 02 1E FF E1 20 64 00 00 04 CA 16 11 00 01 C3 05 C2 07 00 00 00 00 00 00 00 00 00 00 00 
[2016_11_17 14:15:06]Received：0x02 : Bytes：47  01 CA 16 11 00 28 02 16 11 17 14 15 05 00 1A 5D 01 6D 00 29 00 F1 20 64 00 00 04 CA 16 11 00 01 C3 04 C4 09 00 00 00 00 00 00 00 00 00 00 00 
[2016_11_17 14:25:10]Received：0x02 : Bytes：47  01 CA 16 11 00 28 02 16 11 17 14 25 09 00 1A 5E 00 CE 00 0B 00 87 20 64 00 00 04 CA 16 11 00 01 C3 03 C5 0A 00 00 00 00 00 00 00 00 00 00 00 
[2016_11_17 14:35:14]Received：0x02 : Bytes：47  01 CA 16 11 00 28 02 16 11 17 14 35 13 00 1A 5F 01 81 01 06 01 C7 20 64 00 00 04 CA 16 11 00 01 C3 05 BE 04 00 00 00 00 00 00 00 00 00 00 00 
[2016_11_17 14:45:18]Received：0x02 : Bytes：47  01 CA 16 11 00 28 02 16 11 17 14 45 17 00 1A 60 01 74 01 16 01 A9 20 64 00 00 04 CA 16 11 00 01 C2 08 C4 04 00 00 00 00 00 00 00 00 00 00 00 
[2016_11_17 14:55:22]Received：0x02 : Bytes：47  01 CA 16 11 00 28 02 16 11 17 14 55 21 00 1A 61 00 EC 02 6C 02 68 20 64 00 00 04 CA 16 11 00 01 C3 07 C1 07 00 00 00 00 00 00 00 00 00 00 00 
[2016_11_17 15:05:26]Received：0x02 : Bytes：47  01 CA 16 11 00 28 02 16 11 17 15 05 25 00 1A 62 00 EC 02 69 02 65 20 64 00 00 04 CA 16 11 00 01 C2 08 BA 08 00 00 00 00 00 00 00 00 00 00 00 
[2016_11_17 15:15:29]Received：0x02 : Bytes：47  01 CA 16 11 00 28 02 16 11 17 15 15 27 00 1A 63 00 E1 02 7E 02 72 20 64 00 00 04 CA 16 11 00 01 BF 08 BF 06 00 00 00 00 00 00 00 00 00 00 00 
[2016_11_17 15:25:32]Received：0x02 : Bytes：47  01 CA 16 11 00 28 02 16 11 17 15 25 31 00 1A 64 00 EA 02 73 02 68 20 64 00 00 04 CA 16 11 00 01 BF 07 BF 0A 00 00 00 00 00 00 00 00 00 00 00 
[2016_11_17 15:35:36]Received：0x02 : Bytes：47  01 CA 16 11 00 28 02 16 11 17 15 35 35 00 1A 65 00 FD 02 5F 02 6E 20 64 00 00 04 CA 16 11 00 01 BE 08 BD 0D 00 00 00 00 00 00 00 00 00 00 00 
[2016_11_17 15:45:40]Received：0x02 : Bytes：47  01 CA 16 11 00 28 02 16 11 17 15 45 40 00 1A 66 00 DD 02 83 02 6F 20 64 00 00 04 CA 16 11 00 01 BD 08 C1 05 00 00 00 00 00 00 00 00 00 00 00 
[2016_11_17 15:55:44]Received：0x02 : Bytes：47  01 CA 16 11 00 28 02 16 11 17 15 55 43 00 1A 67 00 E9 02 61 02 7C 20 64 00 00 04 CA 16 11 00 01 BE 06 BF 0B 00 00 00 00 00 00 00 00 00 00 00 
[2016_11_17 16:05:48]Received：0x02 : Bytes：47  01 CA 16 11 00 28 02 16 11 17 16 05 47 00 1A 68 00 ED 02 6E 02 87 20 64 00 00 04 CA 16 11 00 01 BE 07 BC 07 00 00 00 00 00 00 00 00 00 00 00 
[2016_11_17 16:15:52]Received：0x02 : Bytes：47  01 CA 16 11 00 28 02 16 11 17 16 15 51 00 1A 69 00 F1 02 67 02 6E 20 64 00 00 04 CA 16 11 00 01 BE 07 BC 09 00 00 00 00 00 00 00 00 00 00 00 
[2016_11_17 16:25:56]Received：0x02 : Bytes：47  01 CA 16 11 00 28 02 16 11 17 16 25 56 00 1A 6A 00 F2 02 66 02 76 20 64 00 00 04 CA 16 11 00 01 BF 08 BE 07 00 00 00 00 00 00 00 00 00 00 00 
[2016_11_17 16:36:00]Received：0x02 : Bytes：47  01 CA 16 11 00 28 02 16 11 17 16 35 59 00 1A 6B 00 F3 02 5F 02 7F 20 64 00 00 04 CA 16 11 00 01 BE 08 BE 11 00 00 00 00 00 00 00 00 00 00 00 
[2016_11_17 16:46:04]Received：0x02 : Bytes：47  01 CA 16 11 00 28 02 16 11 17 16 46 03 00 1A 6C 01 73 01 64 01 73 22 64 00 00 04 CA 16 11 00 01 BD 07 CA 07 00 00 00 00 00 00 00 00 00 00 00 
[2016_11_17 16:56:08]Received：0x02 : Bytes：47  01 CA 16 11 00 28 02 16 11 17 16 56 07 00 1A 6D 01 71 01 60 01 7A 20 64 00 00 04 CA 16 11 00 01 C0 07 C7 08 00 00 00 00 00 00 00 00 00 00 00 
[2016_11_17 17:00:27]Received：0x24 : Bytes：95  01 CA 16 11 00 28 64 16 01 01 00 00 04 15 00 A3 01 FF 01 F6 00 98 02 0A 01 F3 00 9E 02 01 01 FB 00 9E 02 00 01 FB 00 00 00 00 00 00 00 00 00 00 00 00 00 00 00 00 00 00 00 00 00 00 00 00 00 00 00 00 00 00 00 00 00 00 00 00 01 63 01 76 01 7A 00 9E 02 00 01 FB 01 01 00 00 00 00 00 00 00 
[2016_11_17 17:00:27]Sent：0xA4 : Bytes：15  01 CA 16 11 00 28 A4 16 01 01 00 00 04 00 00 
[2016_11_17 17:06:12]Received：0x02 : Bytes：47  01 CA 16 11 00 28 02 16 11 17 17 06 11 00 1A 6E 01 0A 01 79 00 8E 20 64 00 00 04 CA 16 11 00 01 C3 06 C5 06 00 00 00 00 00 00 00 00 00 00 00 
[2016_11_17 17:16:16]Received：0x02 : Bytes：47  01 CA 16 11 00 28 02 16 11 17 17 16 16 00 1A 6F 01 0F 01 77 00 96 20 64 00 00 04 CA 16 11 00 01 C4 07 C3 07 00 00 00 00 00 00 00 00 00 00 00 
[2016_11_17 17:26:20]Received：0x02 : Bytes：47  01 CA 16 11 00 28 02 16 11 17 17 26 19 00 1A 70 00 08 02 92 04 B7 20 64 00 00 04 CA 16 11 00 01 C6 07 BF 04 00 00 00 00 00 00 00 00 00 00 00 
[2016_11_17 17:36:24]Received：0x02 : Bytes：47  01 CA 16 11 00 28 02 16 11 17 17 36 23 00 1A 71 FF D8 02 D1 04 FC 20 64 00 00 04 CA 16 11 00 01 C3 07 C3 05 00 00 00 00 00 00 00 00 00 00 00 
[2016_11_17 17:46:28]Received：0x02 : Bytes：47  01 CA 16 11 00 28 02 16 11 17 17 46 27 00 1A 72 00 0E 02 87 04 DD 20 64 00 00 04 CA 16 11 00 01 C2 07 C2 0A 00 00 00 00 00 00 00 00 00 00 00 
[2016_11_17 17:56:32]Received：0x02 : Bytes：47  01 CA 16 11 00 28 02 16 11 17 17 56 30 00 1A 73 00 0B 02 96 04 D9 20 64 00 00 04 CA 16 11 00 01 C1 07 C3 08 00 00 00 00 00 00 00 00 00 00 00 
[2016_11_17 18:06:36]Received：0x02 : Bytes：47  01 CA 16 11 00 28 02 16 11 17 18 06 35 00 1A 74 00 1A 02 88 04 E7 20 64 00 00 04 CA 16 11 00 01 C1 06 C3 05 00 00 00 00 00 00 00 00 00 00 00 
[2016_11_17 18:16:39]Received：0x02 : Bytes：47  01 CA 16 11 00 28 02 16 11 17 18 16 38 00 1A 75 00 0F 02 89 04 D8 20 64 00 00 04 CA 16 11 00 01 C2 05 C2 07 00 00 00 00 00 00 00 00 00 00 00 
[2016_11_17 18:26:43]Received：0x02 : Bytes：47  01 CA 16 11 00 28 02 16 11 17 18 26 42 00 1A 76 00 12 02 81 04 E3 20 64 00 00 04 CA 16 11 00 01 C2 05 C2 04 00 00 00 00 00 00 00 00 00 00 00 
[2016_11_17 18:36:47]Received：0x02 : Bytes：47  01 CA 16 11 00 28 02 16 11 17 18 36 46 00 1A 77 00 20 02 7D 04 DB 20 64 00 00 04 CA 16 11 00 01 C1 04 C3 07 00 00 00 00 00 00 00 00 00 00 00 
[2016_11_17 18:46:51]Received：0x02 : Bytes：47  01 CA 16 11 00 28 02 16 11 17 18 46 51 00 1A 78 01 3F 00 D4 01 77 20 64 00 00 04 CA 16 11 00 01 C2 05 C7 07 00 00 00 00 00 00 00 00 00 00 00 
[2016_11_17 18:56:55]Received：0x02 : Bytes：47  01 CA 16 11 00 28 02 16 11 17 18 56 55 00 1A 79 01 0E 01 31 01 9F 20 64 00 00 04 CA 16 11 00 01 C3 08 C2 0D 00 00 00 00 00 00 00 00 00 00 00 
[2016_11_17 19:06:57]Received：0x02 : Bytes：47  01 CA 16 11 00 28 02 16 11 17 19 06 55 00 1A 7A 01 21 01 1C 01 A1 20 64 00 00 04 CA 16 11 00 01 C3 08 C5 0F 00 00 00 00 00 00 00 00 00 00 00 
[2016_11_17 19:17:00]Received：0x02 : Bytes：47  01 CA 16 11 00 28 02 16 11 17 19 16 59 00 1A 7B 01 10 01 37 01 9E 20 64 00 00 04 CA 16 11 00 01 C4 08 BF 04 00 00 00 00 00 00 00 00 00 00 00 
[2016_11_17 19:27:04]Received：0x02 : Bytes：47  01 CA 16 11 00 28 02 16 11 17 19 27 03 00 1A 7C 01 05 01 2F 01 C3 20 64 00 00 04 CA 16 11 00 01 C3 0B BD 05 00 00 00 00 00 00 00 00 00 00 00 
[2016_11_17 19:37:08]Received：0x02 : Bytes：47  01 CA 16 11 00 28 02 16 11 17 19 37 07 00 1A 7D 01 07 01 2A 01 C0 20 64 00 00 04 CA 16 11 00 01 C1 0B C0 08 00 00 00 00 00 00 00 00 00 00 00 
[2016_11_17 19:47:12]Received：0x02 : Bytes：47  01 CA 16 11 00 28 02 16 11 17 19 47 11 00 1A 7E 00 FE 01 47 01 8E 20 64 00 00 04 CA 16 11 00 01 C0 0C C0 0D 00 00 00 00 00 00 00 00 00 00 00 
[2016_11_17 19:57:16]Received：0x02 : Bytes：47  01 CA 16 11 00 28 02 16 11 17 19 57 15 00 1A 7F 00 FD 01 31 01 95 20 64 00 00 04 CA 16 11 00 01 C0 0A BD 05 00 00 00 00 00 00 00 00 00 00 00 
[2016_11_17 20:07:20]Received：0x02 : Bytes：47  01 CA 16 11 00 28 02 16 11 17 20 07 19 00 1A 80 00 F7 01 40 01 8D 20 64 00 00 04 CA 16 11 00 01 BF 07 C5 07 00 00 00 00 00 00 00 00 00 00 00 
[2016_11_17 20:17:23]Received：0x02 : Bytes：47  01 CA 16 11 00 28 02 16 11 17 20 17 23 00 1A 81 00 F8 01 3D 01 94 20 64 00 00 04 CA 16 11 00 01 C0 04 C2 05 00 00 00 00 00 00 00 00 00 00 00 
[2016_11_17 20:27:28]Received：0x02 : Bytes：47  01 CA 16 11 00 28 02 16 11 17 20 27 27 00 1A 82 00 F3 01 3B 01 98 20 64 00 00 04 CA 16 11 00 01 C1 05 C6 07 00 00 00 00 00 00 00 00 00 00 00 
[2016_11_17 20:37:32]Received：0x02 : Bytes：47  01 CA 16 11 00 28 02 16 11 17 20 37 31 00 1A 83 00 F4 01 41 01 8E 20 64 00 00 04 CA 16 11 00 01 C2 09 C4 0D 00 00 00 00 00 00 00 00 00 00 00 
[2016_11_17 20:47:36]Received：0x02 : Bytes：47  01 CA 16 11 00 28 02 16 11 17 20 47 35 00 1A 84 00 FD 01 2E 01 AF 20 64 00 00 04 CA 16 11 00 01 C4 08 C4 0B 00 00 00 00 00 00 00 00 00 00 00 
[2016_11_17 20:57:39]Received：0x02 : Bytes：47  01 CA 16 11 00 28 02 16 11 17 20 57 39 00 1A 85 01 C4 FF E6 01 C5 20 64 00 00 04 CA 16 11 00 01 C3 09 C3 0B 00 00 00 00 00 00 00 00 00 00 00 
[2016_11_17 21:07:44]Received：0x02 : Bytes：47  01 CA 16 11 00 28 02 16 11 17 21 07 43 00 1A 86 01 C0 FF F3 01 B4 20 64 00 00 04 CA 16 11 00 01 C3 0B BF 06 00 00 00 00 00 00 00 00 00 00 00 
[2016_11_17 21:17:48]Received：0x02 : Bytes：47  01 CA 16 11 00 28 02 16 11 17 21 17 47 00 1A 87 01 7B 01 40 01 95 20 64 00 00 04 CA 16 11 00 01 C2 08 C4 05 00 00 00 00 00 00 00 00 00 00 00 
[2016_11_17 21:27:52]Received：0x02 : Bytes：47  01 CA 16 11 00 28 02 16 11 17 21 27 51 00 1A 88 01 81 01 3F 01 96 20 64 00 00 04 CA 16 11 00 01 C2 08 C4 08 00 00 00 00 00 00 00 00 00 00 00 
[2016_11_17 21:37:55]Received：0x02 : Bytes：47  01 CA 16 11 00 28 02 16 11 17 21 37 55 00 1A 89 01 7C 01 41 01 A0 20 64 00 00 04 CA 16 11 00 01 C2 07 C5 05 00 00 00 00 00 00 00 00 00 00 00 
[2016_11_17 21:48:00]Received：0x02 : Bytes：47  01 CA 16 11 00 28 02 16 11 17 21 47 59 00 1A 8A 01 73 01 7E 01 56 20 64 00 00 04 CA 16 11 00 01 C3 04 C8 0B 00 00 00 00 00 00 00 00 00 00 00 
[2016_11_17 21:58:03]Received：0x02 : Bytes：47  01 CA 16 11 00 28 02 16 11 17 21 58 02 00 1A 8B 02 07 01 52 01 90 20 64 00 00 04 CA 16 11 00 01 C5 04 C0 04 00 00 00 00 00 00 00 00 00 00 00 
[2016_11_17 22:08:07]Received：0x02 : Bytes：47  01 CA 16 11 00 28 02 16 11 17 22 08 06 00 1A 8C 02 0A 01 49 01 A6 20 64 00 00 04 CA 16 11 00 01 C4 05 C2 07 00 00 00 00 00 00 00 00 00 00 00 
[2016_11_17 22:18:11]Received：0x02 : Bytes：47  01 CA 16 11 00 28 02 16 11 17 22 18 10 00 1A 8D 02 16 01 3D 01 B3 20 64 00 00 04 CA 16 11 00 01 C3 04 C0 09 00 00 00 00 00 00 00 00 00 00 00 
[2016_11_17 22:28:15]Received：0x02 : Bytes：47  01 CA 16 11 00 28 02 16 11 17 22 28 14 00 1A 8E 02 0B 01 62 01 85 20 64 00 00 04 CA 16 11 00 01 C2 05 C1 04 00 00 00 00 00 00 00 00 00 00 00 
[2016_11_17 22:38:18]Received：0x02 : Bytes：47  01 CA 16 11 00 28 02 16 11 17 22 38 18 00 1A 8F 02 02 01 6A 01 84 20 64 00 00 04 CA 16 11 00 01 C0 05 C1 02 00 00 00 00 00 00 00 00 00 00 00 
[2016_11_17 22:48:23]Received：0x02 : Bytes：47  01 CA 16 11 00 28 02 16 11 17 22 48 22 00 1A 90 02 0E 01 64 01 84 20 64 00 00 04 CA 16 11 00 01 C0 05 C3 07 00 00 00 00 00 00 00 00 00 00 00 
[2016_11_17 22:58:27]Received：0x02 : Bytes：47  01 CA 16 11 00 28 02 16 11 17 22 58 26 00 1A 91 02 06 01 5C 01 92 20 64 00 00 04 CA 16 11 00 01 C0 06 C0 08 00 00 00 00 00 00 00 00 00 00 00 
[2016_11_17 23:08:31]Received：0x02 : Bytes：47  01 CA 16 11 00 28 02 16 11 17 23 08 30 00 1A 92 02 07 01 63 01 8C 20 64 00 00 04 CA 16 11 00 01 C0 07 C2 09 00 00 00 00 00 00 00 00 00 00 00 
[2016_11_17 23:18:33]Received：0x02 : Bytes：47  01 CA 16 11 00 28 02 16 11 17 23 18 32 00 1A 93 01 F7 01 76 01 7F 20 64 00 00 04 CA 16 11 00 01 C0 07 C2 0E 00 00 00 00 00 00 00 00 00 00 00 
[2016_11_17 23:28:37]Received：0x02 : Bytes：47  01 CA 16 11 00 28 02 16 11 17 23 28 36 00 1A 94 01 F4 01 6F 01 96 20 64 00 00 04 CA 16 11 00 01 C1 08 C2 06 00 00 00 00 00 00 00 00 00 00 00 
[2016_11_17 23:38:41]Received：0x02 : Bytes：47  01 CA 16 11 00 28 02 16 11 17 23 38 40 00 1A 95 02 08 01 60 01 94 20 64 00 00 04 CA 16 11 00 01 C1 07 C1 04 00 00 00 00 00 00 00 00 00 00 00 
[2016_11_17 23:48:45]Received：0x02 : Bytes：47  01 CA 16 11 00 28 02 16 11 17 23 48 44 00 1A 96 02 23 01 3B 01 8E 20 64 00 00 04 CA 16 11 00 01 C1 06 C2 04 00 00 00 00 00 00 00 00 00 00 00 
[2016_11_17 23:58:49]Received：0x02 : Bytes：47  01 CA 16 11 00 28 02 16 11 17 23 58 48 00 1A 97 02 14 01 47 01 A7 20 64 00 00 04 CA 16 11 00 01 C1 06 C1 0A 00 00 00 00 00 00 00 00 00 00 00 
