[2016_11_17 00:38:29]Receive:0x02 : Bytes:47 01 CA 16 11 00 21 02 16 11 17 00 38 10 01 1A 14 02 AF 01 45 FE D0 20 64 00 00 04 CA 16 11 00 01 BA 0B BD 08 00 00 00 00 00 00 00 00 00 00 00 
[2016_11_17 00:38:30]Receive:0x02 : Bytes:47 01 CA 16 11 00 21 02 16 11 17 00 38 00 01 1A 14 02 BB 01 55 FE D1 20 64 00 00 04 CA 16 11 00 01 BA 0B BD 0F 00 00 00 00 00 00 00 
00 00 00 00 
[2016_11_17 00:38:40]Receive:0x22 : Bytes:31 01 CA 16 11 00 21 62 16 11 17 00 38 39 00 00 00 00 00 00 01 00 00 00 00 00 00 00 00 00 00 00 
[2016_11_17 00:38:40]Send:0xA2 : Bytes:15 01 CA 16 11 00 21 A2 16 11 17 00 38 39 00 00 
[2016_11_17 00:38:43]Receive:0x22 : Bytes:31 01 CA 16 11 00 21 62 16 11 17 00 38 39 00 00 00 00 00 00 01 00 00 00 00 00 00 00 00 00 00 00 
[2016_11_17 00:38:43]Send:0xA2 : Bytes:15 
01 CA 16 11 00 21 A2 16 11 17 00 38 39 00 00 
[2016_11_17 00:48:02]Receive:0x02 : Bytes:47 01 CA 16 11 00 21 02 16 11 17 00 48 01 01 1A 15 02 B6 01 B5 00 A6 20 64 00 00 04 CA 16 11 00 01 BD 06 BE 09 00 00 00 00 00 00 00 00 00 00 00 
[2016_11_17 00:58:06]Receive:0x02 : Bytes:47 01 CA 16 11 00 21 02 16 11 17 00 58 05 01 1A 16 02 B4 01 B5 00 A3 20 64 00 00 04 
CA 16 11 00 01 BE 06 BD 06 00 00 00 00 00 00 00 00 00 00 00 
[2016_11_17 01:08:10]Receive:0x02 : Bytes:47 01 CA 16 11 00 21 02 16 11 17 01 08 10 01 1A 17 02 B3 01 B5 00 9F 20 64 00 00 04 CA 16 11 00 01 BE 09 BE 09 00 00 00 00 00 00 00 00 00 00 00 
[2016_11_17 01:18:14]Receive:0x02 : Bytes:47 01 CA 16 11 00 21 02 16 11 17 01 18 14 01 1A 18 02 B8 01 B9 00 A1 20 
64 00 00 04 CA 16 11 00 01 BE 09 BE 0D 00 00 00 00 00 00 00 00 00 00 00 
[2016_11_17 01:28:18]Receive:0x02 : Bytes:47 01 CA 16 11 00 21 02 16 11 17 01 28 18 01 1A 19 02 B2 01 BB 00 A4 20 64 00 00 04 CA 16 11 00 01 BE 09 BD 0F 00 00 00 00 00 00 00 00 00 00 00 
[2016_11_17 01:38:22]Receive:0x02 : Bytes:47 01 CA 16 11 00 21 02 16 11 17 01 38 22 01 1A 1A 02 B5 01 
B7 00 A3 20 64 00 00 04 CA 16 11 00 01 BE 08 BD 0A 00 00 00 00 00 00 00 00 00 00 00 
[2016_11_17 01:48:27]Receive:0x02 : Bytes:47 01 CA 16 11 00 21 02 16 11 17 01 48 26 01 1A 1B 02 B9 01 B7 00 A2 20 64 00 00 04 CA 16 11 00 01 BF 04 BD 07 00 00 00 00 00 00 00 00 00 00 00 
[2016_11_17 01:58:31]Receive:0x02 : Bytes:47 01 CA 16 11 00 21 02 16 11 17 01 58 30 01 1A 
1C 02 B6 01 AC 00 B5 20 64 00 00 04 CA 16 11 00 01 BF 06 BD 0F 00 00 00 00 00 00 00 00 00 00 00 
[2016_11_17 02:08:35]Receive:0x02 : Bytes:47 01 CA 16 11 00 21 02 16 11 17 02 08 35 01 1A 1D 02 B3 01 AC 00 BD 20 64 00 00 04 CA 16 11 00 01 BF 04 BE 0D 00 00 00 00 00 00 00 00 00 00 00 
[2016_11_17 02:18:39]Receive:0x02 : Bytes:47 01 CA 16 11 00 21 02 16 11 17 02 
18 39 01 1A 1E 02 B6 01 B7 00 A2 20 64 00 00 04 CA 16 11 00 01 BF 04 BD 0C 00 00 00 00 00 00 00 00 00 00 00 
[2016_11_17 02:28:43]Receive:0x02 : Bytes:47 01 CA 16 11 00 21 02 16 11 17 02 28 42 01 1A 1F 02 B4 01 C6 00 88 20 64 00 00 04 CA 16 11 00 01 BE 04 BD 07 00 00 00 00 00 00 00 00 00 00 00 
[2016_11_17 02:38:47]Receive:0x02 : Bytes:47 01 CA 16 11 00 21 02 
16 11 17 02 38 46 01 1A 20 02 B3 01 C5 00 88 20 64 00 00 04 CA 16 11 00 01 BE 04 BE 0E 00 00 00 00 00 00 00 00 00 00 00 
[2016_11_17 02:48:51]Receive:0x02 : Bytes:47 01 CA 16 11 00 21 02 16 11 17 02 48 50 01 1A 21 02 B2 01 C8 00 8C 20 64 00 00 04 CA 16 11 00 01 BE 05 BE 0B 00 00 00 00 00 00 00 00 00 00 00 
[2016_11_17 02:58:55]Receive:0x02 : Bytes:47 01 CA 16 
11 00 21 02 16 11 17 02 58 54 01 1A 22 02 B4 01 C6 00 89 20 64 00 00 04 CA 16 11 00 01 BE 06 BD 07 00 00 00 00 00 00 00 00 00 00 00 
[2016_11_17 03:08:56]Receive:0x02 : Bytes:47 01 CA 16 11 00 21 02 16 11 17 03 08 54 01 1A 23 02 B1 01 C5 00 8A 20 64 00 00 04 CA 16 11 00 01 BF 0A BD 0C 00 00 00 00 00 00 00 00 00 00 00 
[2016_11_17 03:19:00]Receive:0x02 : Bytes:47 
01 CA 16 11 00 21 02 16 11 17 03 18 59 01 1A 24 02 B2 01 C4 00 88 20 64 00 00 04 CA 16 11 00 01 BF 09 BD 0F 00 00 00 00 00 00 00 00 00 00 00 
[2016_11_17 03:29:04]Receive:0x02 : Bytes:47 01 CA 16 11 00 21 02 16 11 17 03 29 03 01 1A 25 02 B4 01 B8 00 A2 20 64 00 00 04 CA 16 11 00 01 BF 0A BE 0F 00 00 00 00 00 00 00 00 00 00 00 

[2016_11_17 03:39:08]Receive:0x02 : Bytes:47 01 CA 16 11 00 21 02 16 11 17 03 39 07 01 1A 26 02 B0 01 B9 00 A3 20 64 00 00 04 CA 16 11 00 01 BE 08 BD 0C 00 00 00 00 00 00 00 00 00 00 00 
[2016_11_17 03:49:12]Receive:0x02 : Bytes:47 01 CA 16 11 00 21 02 16 11 17 03 49 11 01 1A 27 02 B4 01 B8 00 9D 20 64 00 00 04 CA 16 11 00 01 BE 06 BD 08 00 00 00 00 00 00 00 
00 00 00 00 
[2016_11_17 03:59:17]Receive:0x02 : Bytes:47 01 CA 16 11 00 21 02 16 11 17 03 59 16 01 1A 28 02 B6 01 B7 00 A2 20 64 00 00 04 CA 16 11 00 01 BE 06 BD 11 00 00 00 00 00 00 00 00 00 00 00 
[2016_11_17 04:09:20]Receive:0x02 : Bytes:47 01 CA 16 11 00 21 02 16 11 17 04 09 19 01 1A 29 02 B4 01 B9 00 A3 20 64 00 00 04 CA 16 11 00 01 BE 06 BE 0D 00 00 00 
00 00 00 00 00 00 00 00 
[2016_11_17 04:19:25]Receive:0x02 : Bytes:47 01 CA 16 11 00 21 02 16 11 17 04 19 24 01 1A 2A 02 B4 01 B3 00 9C 20 64 00 00 04 CA 16 11 00 01 BE 07 BE 0C 00 00 00 00 00 00 00 00 00 00 00 
[2016_11_17 04:29:29]Receive:0x02 : Bytes:47 01 CA 16 11 00 21 02 16 11 17 04 29 28 01 1A 2B 02 B6 01 B7 00 A2 20 64 00 00 04 CA 16 11 00 01 BE 05 BD 
10 00 00 00 00 00 00 00 00 00 00 00 
[2016_11_17 04:39:33]Receive:0x02 : Bytes:47 01 CA 16 11 00 21 02 16 11 17 04 39 32 01 1A 2C 02 B7 01 AA 00 BA 20 64 00 00 04 CA 16 11 00 01 BE 08 BD 0D 00 00 00 00 00 00 00 00 00 00 00 
[2016_11_17 04:49:37]Receive:0x02 : Bytes:47 01 CA 16 11 00 21 02 16 11 17 04 49 36 01 1A 2D 02 B8 01 A8 00 BA 20 64 00 00 04 CA 16 11 00 
01 BE 0B BE 0C 00 00 00 00 00 00 00 00 00 00 00 
[2016_11_17 04:59:41]Receive:0x02 : Bytes:47 01 CA 16 11 00 21 02 16 11 17 04 59 40 01 1A 2E 02 B2 01 C2 00 8B 20 64 00 00 04 CA 16 11 00 01 BE 0E BE 10 00 00 00 00 00 00 00 00 00 00 00 
[2016_11_17 05:09:45]Receive:0x02 : Bytes:47 01 CA 16 11 00 21 02 16 11 17 05 09 44 01 1A 2F 02 B6 01 C5 00 8B 20 64 00 00 04 
CA 16 11 00 01 BE 10 BD 0B 00 00 00 00 00 00 00 00 00 00 00 
[2016_11_17 05:19:49]Receive:0x02 : Bytes:47 01 CA 16 11 00 21 02 16 11 17 05 19 48 01 1A 30 02 B1 01 C5 00 8A 20 64 00 00 04 CA 16 11 00 01 BF 0E BE 0D 00 00 00 00 00 00 00 00 00 00 00 
[2016_11_17 05:29:53]Receive:0x02 : Bytes:47 01 CA 16 11 00 21 02 16 11 17 05 29 52 01 1A 31 02 B4 01 C5 00 89 20 
64 00 00 04 CA 16 11 00 01 BF 0A BE 07 00 00 00 00 00 00 00 00 00 00 00 
[2016_11_17 05:39:57]Receive:0x02 : Bytes:47 01 CA 16 11 00 21 02 16 11 17 05 39 57 01 1A 32 02 B3 01 C1 00 8D 20 64 00 00 04 CA 16 11 00 01 BF 06 BE 05 00 00 00 00 00 00 00 00 00 00 00 
[2016_11_17 05:50:01]Receive:0x02 : Bytes:47 01 CA 16 11 00 21 02 16 11 17 05 50 00 01 1A 33 02 B3 01 
C4 00 8B 20 64 00 00 04 CA 16 11 00 01 BF 05 BD 0B 00 00 00 00 00 00 00 00 00 00 00 
[2016_11_17 06:00:05]Receive:0x02 : Bytes:47 01 CA 16 11 00 21 02 16 11 17 06 00 04 01 1A 34 02 B3 01 C1 00 86 20 64 00 00 04 CA 16 11 00 01 BF 05 BE 09 00 00 00 00 00 00 00 00 00 00 00 
[2016_11_17 06:10:09]Receive:0x02 : Bytes:47 01 CA 16 11 00 21 02 16 11 17 06 10 08 01 1A 
35 02 B5 01 B5 00 9B 20 64 00 00 04 CA 16 11 00 01 BF 06 BE 0F 00 00 00 00 00 00 00 00 00 00 00 
[2016_11_17 06:20:13]Receive:0x02 : Bytes:47 01 CA 16 11 00 21 02 16 11 17 06 20 12 01 1A 36 02 B0 01 BE 00 9F 20 64 00 00 04 CA 16 11 00 01 BF 06 BE 0D 00 00 00 00 00 00 00 00 00 00 00 
[2016_11_17 06:30:17]Receive:0x02 : Bytes:47 01 CA 16 11 00 21 02 16 11 17 06 
30 16 01 1A 37 02 B5 01 B7 00 9D 20 64 00 00 04 CA 16 11 00 01 BF 06 BE 0C 00 00 00 00 00 00 00 00 00 00 00 
[2016_11_17 06:40:22]Receive:0x02 : Bytes:47 01 CA 16 11 00 21 02 16 11 17 06 40 21 01 1A 38 02 BD 01 B7 00 A2 20 64 00 00 04 CA 16 11 00 01 BE 07 BF 14 00 00 00 00 00 00 00 00 00 00 00 
[2016_11_17 06:50:25]Receive:0x02 : Bytes:47 01 CA 16 11 00 21 02 
16 11 17 06 50 25 01 1A 39 02 B0 01 B9 00 A3 20 64 00 00 04 CA 16 11 00 01 BD 07 C0 0A 00 00 00 00 00 00 00 00 00 00 00 
[2016_11_17 07:00:29]Receive:0x02 : Bytes:47 01 CA 16 11 00 21 02 16 11 17 07 00 29 01 1A 3A 02 B4 01 B9 00 9E 20 64 00 00 04 CA 16 11 00 01 BD 06 BD 06 00 00 00 00 00 00 00 00 00 00 00 
[2016_11_17 07:10:33]Receive:0x02 : Bytes:47 01 CA 16 
11 00 21 02 16 11 17 07 10 32 01 1A 3B 02 0A 02 00 FF 5D 20 64 00 00 04 CA 16 11 00 01 BD 06 C1 08 00 00 00 00 00 00 00 00 00 00 00 
[2016_11_17 07:20:37]Receive:0x02 : Bytes:47 01 CA 16 11 00 21 02 16 11 17 07 20 37 01 1A 3C 02 4A 01 F0 FF AE 20 64 00 00 04 CA 16 11 00 01 BE 06 BD 06 00 00 00 00 00 00 00 00 00 00 00 
[2016_11_17 07:30:41]Receive:0x02 : Bytes:47 
01 CA 16 11 00 21 02 16 11 17 07 30 41 01 1A 3D 02 39 01 F3 FF 3A 20 64 00 00 04 CA 16 11 00 01 BF 06 C6 04 00 00 00 00 00 00 00 00 00 00 00 
[2016_11_17 07:40:45]Receive:0x02 : Bytes:47 01 CA 16 11 00 21 02 16 11 17 07 40 45 01 1A 3E 02 2C 02 00 FF 49 20 64 00 00 04 CA 16 11 00 01 C1 05 C6 0C 00 00 00 00 00 00 00 00 00 00 00 

[2016_11_17 07:50:48]Receive:0x02 : Bytes:47 01 CA 16 11 00 21 02 16 11 17 07 50 47 01 1A 3F 02 2C 01 FC FF 4F 20 64 00 00 04 CA 16 11 00 01 C3 06 C6 0A 00 00 00 00 00 00 00 00 00 00 00 
[2016_11_17 08:00:52]Receive:0x02 : Bytes:47 01 CA 16 11 00 21 02 16 11 17 08 00 51 01 1A 40 01 BD 01 6C FE D4 20 64 00 00 04 CA 16 11 00 01 C4 07 C2 0D 00 00 00 00 00 00 00 
00 00 00 00 
[2016_11_17 08:10:56]Receive:0x02 : Bytes:47 01 CA 16 11 00 21 02 16 11 17 08 10 55 01 1A 41 01 AD 01 79 FE CA 20 64 00 00 04 CA 16 11 00 01 C6 07 C2 09 00 00 00 00 00 00 00 00 00 00 00 
[2016_11_17 08:21:00]Receive:0x02 : Bytes:47 01 CA 16 11 00 21 02 16 11 17 08 20 59 01 1A 42 01 13 01 96 FD 7B 20 64 00 00 04 CA 16 11 00 01 C5 07 BC 0B 00 00 00 
00 00 00 00 00 00 00 00 
[2016_11_17 08:31:04]Receive:0x02 : Bytes:47 01 CA 16 11 00 21 02 16 11 17 08 31 02 01 1A 43 02 2A 01 F9 FF 55 20 64 00 00 04 CA 16 11 00 01 C3 07 C6 03 00 00 00 00 00 00 00 00 00 00 00 
[2016_11_17 08:41:08]Receive:0x02 : Bytes:47 01 CA 16 11 00 21 02 16 11 17 08 41 07 01 1A 44 02 2D 01 F5 FF 73 20 64 00 00 04 CA 16 11 00 01 C3 08 C5 
06 00 00 00 00 00 00 00 00 00 00 00 
[2016_11_17 08:51:25]Receive:0x02 : Bytes:47 01 CA 16 11 00 21 02 16 11 17 08 51 24 01 1A 45 02 37 01 5B 00 0D 22 64 00 00 04 CA 16 11 00 01 C4 09 BF 10 00 00 00 00 00 00 00 00 00 00 00 
[2016_11_17 09:01:16]Receive:0x02 : Bytes:47 01 CA 16 11 00 21 02 16 11 17 09 01 15 01 1A 46 02 38 01 61 FF FA 20 64 00 00 04 CA 16 11 00 
01 C3 08 BE 06 00 00 00 00 00 00 00 00 00 00 00 
[2016_11_17 09:31:36]Receive:0x02 : Bytes:47 01 CA 16 11 00 21 02 16 11 17 09 31 35 01 1A 49 02 92 01 CC FF A4 22 64 00 00 04 CA 16 11 00 01 C1 05 C4 0A 00 00 00 00 00 00 00 00 00 00 00 
[2016_11_17 09:41:39]Receive:0x02 : Bytes:47 01 CA 16 11 00 21 02 16 11 17 09 41 38 01 1A 4A 01 65 01 BF FF C1 20 64 00 00 04 
CA 16 11 00 01 C1 05 C1 08 00 00 00 00 00 00 00 00 00 00 00 
[2016_11_17 09:51:43]Receive:0x02 : Bytes:47 01 CA 16 11 00 21 02 16 11 17 09 51 42 01 1A 4B 01 62 01 BC FF CE 20 64 00 00 04 CA 16 11 00 01 C2 05 C0 07 00 00 00 00 00 00 00 00 00 00 00 
[2016_11_17 10:01:47]Receive:0x02 : Bytes:47 01 CA 16 11 00 21 02 16 11 17 10 01 47 01 1A 4C 02 36 01 DF FF 7A 20 
64 00 00 04 CA 16 11 00 01 C2 06 C6 04 00 00 00 00 00 00 00 00 00 00 00 
[2016_11_17 10:11:52]Receive:0x02 : Bytes:47 01 CA 16 11 00 21 02 16 11 17 10 11 51 01 1A 4D 02 E9 02 5C FE D3 20 64 00 00 04 CA 16 11 00 01 C4 07 C2 13 00 00 00 00 00 00 00 00 00 00 00 
[2016_11_17 10:21:55]Receive:0x02 : Bytes:47 01 CA 16 11 00 21 02 16 11 17 10 21 55 01 1A 4E 02 27 01 
F6 FF 46 20 64 00 00 04 CA 16 11 00 01 C3 07 C5 0A 00 00 00 00 00 00 00 00 00 00 00 
[2016_11_17 10:31:59]Receive:0x02 : Bytes:47 01 CA 16 11 00 21 02 16 11 17 10 31 59 01 1A 4F 01 EA 01 B0 FF 50 20 64 00 00 04 CA 16 11 00 01 C4 08 C0 07 00 00 00 00 00 00 00 00 00 00 00 
[2016_11_17 10:42:03]Receive:0x02 : Bytes:47 01 CA 16 11 00 21 02 16 11 17 10 42 03 01 1A 
50 01 FD 01 B8 FF 58 20 64 00 00 04 CA 16 11 00 01 C4 07 C1 05 00 00 00 00 00 00 00 00 00 00 00 
[2016_11_17 10:52:07]Receive:0x02 : Bytes:47 01 CA 16 11 00 21 02 16 11 17 10 52 07 01 1A 51 02 27 01 F3 FF 49 20 64 00 00 04 CA 16 11 00 01 C3 05 C4 03 00 00 00 00 00 00 00 00 00 00 00 
[2016_11_17 11:02:11]Receive:0x02 : Bytes:47 01 CA 16 11 00 21 02 16 11 17 11 
02 11 01 1A 52 01 E4 01 0A FF 86 20 64 00 00 04 CA 16 11 00 01 C4 05 BC 0D 00 00 00 00 00 00 00 00 00 00 00 
[2016_11_17 11:12:15]Receive:0x02 : Bytes:47 01 CA 16 11 00 21 02 16 11 17 11 12 15 01 1A 53 01 E8 01 01 FF 92 20 64 00 00 04 CA 16 11 00 01 C2 04 BE 05 00 00 00 00 00 00 00 00 00 00 00 
[2016_11_17 11:22:19]Receive:0x02 : Bytes:47 01 CA 16 11 00 21 02 
16 11 17 11 22 19 01 1A 54 01 EE 00 EE FF AA 20 64 00 00 04 CA 16 11 00 01 C1 04 BE 0B 00 00 00 00 00 00 00 00 00 00 00 
[2016_11_17 11:32:24]Receive:0x02 : Bytes:47 01 CA 16 11 00 21 02 16 11 17 11 32 23 01 1A 55 01 E8 00 F4 FF A6 20 64 00 00 04 CA 16 11 00 01 C0 05 C0 0C 00 00 00 00 00 00 00 00 00 00 00 
[2016_11_17 11:42:28]Receive:0x02 : Bytes:47 01 CA 16 
11 00 21 02 16 11 17 11 42 27 01 1A 56 01 C0 02 F5 01 F3 20 64 00 00 04 CA 16 11 00 01 BE 05 BB 0D 00 00 00 00 00 00 00 00 00 00 00 
[2016_11_17 11:52:32]Receive:0x02 : Bytes:47 01 CA 16 11 00 21 02 16 11 17 11 52 31 01 1A 57 01 C5 02 FA 01 E9 20 64 00 00 04 CA 16 11 00 01 BE 06 B9 0E 00 00 00 00 00 00 00 00 00 00 00 
[2016_11_17 12:02:36]Receive:0x02 : Bytes:47 
01 CA 16 11 00 21 02 16 11 17 12 02 35 01 1A 58 01 CD 03 00 01 E6 20 64 00 00 04 CA 16 11 00 01 BD 07 BA 0C 00 00 00 00 00 00 00 00 00 00 00 
[2016_11_17 12:12:39]Receive:0x02 : Bytes:47 01 CA 16 11 00 21 02 16 11 17 12 12 38 01 1A 59 01 CD 02 F9 01 F9 20 64 00 00 04 CA 16 11 00 01 BD 06 BB 08 00 00 00 00 00 00 00 00 00 00 00 

[2016_11_17 12:22:42]Receive:0x02 : Bytes:47 01 CA 16 11 00 21 02 16 11 17 12 22 41 01 1A 5A 01 C6 03 04 01 EB 20 64 00 00 04 CA 16 11 00 01 BC 07 BA 08 00 00 00 00 00 00 00 00 00 00 00 
[2016_11_17 12:32:59]Receive:0x02 : Bytes:47 01 CA 16 11 00 21 02 16 11 17 12 32 59 01 1A 5B 01 D1 02 EC 02 0E 22 64 00 00 04 CA 16 11 00 01 BC 09 BB 08 00 00 00 00 00 00 00 
00 00 00 00 
[2016_11_17 12:53:03]Receive:0x02 : Bytes:47 01 CA 16 11 00 21 02 16 11 17 12 53 02 01 1A 5D 01 C6 02 F0 02 06 22 64 00 00 04 CA 16 11 00 01 BC 09 BB 07 00 00 00 00 00 00 00 00 00 00 00 
[2016_11_17 13:14:17]Receive:0x22 : Bytes:31 01 CA 16 11 00 21 62 16 11 17 13 13 56 00 00 00 00 00 00 01 00 00 00 00 00 00 00 00 00 00 00 
[2016_11_17 13:14:17]Send:0xA2 : Bytes:15 01 CA 16 
11 00 21 A2 16 11 17 13 13 56 00 00 
[2016_11_17 13:14:17]Receive:0x02 : Bytes:47 01 CA 16 11 00 21 02 16 11 17 13 13 40 01 1A 5F 01 C2 03 06 01 EE 20 64 00 00 04 CA 16 11 00 01 BB 0A BB 0B 00 00 00 00 00 00 00 00 00 00 00 
[2016_11_17 13:23:50]Receive:0x02 : Bytes:47 01 CA 16 11 00 21 02 16 11 17 13 23 40 01 1A 60 01 C2 03 01 01 DA 20 64 00 00 04 CA 16 11 00 
01 BB 0A BA 0B 00 00 00 00 00 00 00 00 00 00 00 
[2016_11_17 13:33:33]Receive:0x02 : Bytes:47 01 CA 16 11 00 21 02 16 11 17 13 33 32 01 1A 61 01 BD 02 FA 02 04 22 64 00 00 04 CA 16 11 00 01 BB 09 BB 0D 00 00 00 00 00 00 00 00 00 00 00 
[2016_11_17 13:53:36]Receive:0x02 : Bytes:47 01 CA 16 11 00 21 02 16 11 17 13 53 33 01 1A 63 02 32 01 E8 FF 7D 22 64 00 00 04 
CA 16 11 00 01 BC 07 C5 06 00 00 00 00 00 00 00 00 00 00 00 
[2016_11_17 14:03:38]Receive:0x02 : Bytes:47 01 CA 16 11 00 21 02 16 11 17 14 03 37 01 1A 64 02 26 02 0A FF 47 20 64 00 00 04 CA 16 11 00 01 BE 08 C6 07 00 00 00 00 00 00 00 00 00 00 00 
[2016_11_17 14:13:42]Receive:0x02 : Bytes:47 01 CA 16 11 00 21 02 16 11 17 14 13 41 01 1A 65 03 17 FE A5 FF 69 20 
64 00 00 04 CA 16 11 00 01 C1 08 BF 07 00 00 00 00 00 00 00 00 00 00 00 
[2016_11_17 14:23:46]Receive:0x02 : Bytes:47 01 CA 16 11 00 21 02 16 11 17 14 23 45 01 1A 66 02 45 01 9B FF 3D 20 64 00 00 04 CA 16 11 00 01 C2 07 C2 06 00 00 00 00 00 00 00 00 00 00 00 
[2016_11_17 14:33:50]Receive:0x02 : Bytes:47 01 CA 16 11 00 21 02 16 11 17 14 33 49 01 1A 67 01 F8 FF 
EF FD 89 21 64 00 00 04 CA 16 11 00 01 C3 06 BB 09 00 00 00 00 00 00 00 00 00 00 00 
[2016_11_17 14:43:54]Receive:0x02 : Bytes:47 01 CA 16 11 00 21 02 16 11 17 14 43 54 01 1A 68 01 F3 FF F7 FD 8B 20 64 00 00 04 CA 16 11 00 01 C2 05 BA 0F 00 00 00 00 00 00 00 00 00 00 00 
[2016_11_17 14:53:58]Receive:0x02 : Bytes:47 01 CA 16 11 00 21 02 16 11 17 14 53 57 01 1A 
69 01 E7 00 07 FD 8B 20 64 00 00 04 CA 16 11 00 01 BF 07 BD 0A 00 00 00 00 00 00 00 00 00 00 00 
[2016_11_17 15:04:02]Receive:0x02 : Bytes:47 01 CA 16 11 00 21 02 16 11 17 15 04 01 01 1A 6A 01 F3 FF FC FD 9A 20 64 00 00 04 CA 16 11 00 01 BE 06 BC 05 00 00 00 00 00 00 00 00 00 00 00 
[2016_11_17 15:14:06]Receive:0x02 : Bytes:47 01 CA 16 11 00 21 02 16 11 17 15 
14 05 01 1A 6B 01 FA FF F3 FD 9B 20 64 00 00 04 CA 16 11 00 01 BC 07 BC 05 00 00 00 00 00 00 00 00 00 00 00 
[2016_11_17 15:24:10]Receive:0x02 : Bytes:47 01 CA 16 11 00 21 02 16 11 17 15 24 09 01 1A 6C 02 03 FF D3 FD BD 20 64 00 00 04 CA 16 11 00 01 BC 07 BB 08 00 00 00 00 00 00 00 00 00 00 00 
[2016_11_17 15:34:15]Receive:0x02 : Bytes:47 01 CA 16 11 00 21 02 
16 11 17 15 34 14 01 1A 6D 01 E6 00 0F FD 80 20 64 00 00 04 CA 16 11 00 01 BC 06 BA 0D 00 00 00 00 00 00 00 00 00 00 00 
[2016_11_17 15:44:19]Receive:0x02 : Bytes:47 01 CA 16 11 00 21 02 16 11 17 15 44 18 01 1A 6E 01 F5 FF F4 FD 79 20 64 00 00 04 CA 16 11 00 01 BB 06 BC 07 00 00 00 00 00 00 00 00 00 00 00 
[2016_11_17 15:54:22]Receive:0x02 : Bytes:47 01 CA 16 
11 00 21 02 16 11 17 15 54 22 01 1A 6F 01 F2 FF F5 FD 82 20 64 00 00 04 CA 16 11 00 01 BB 06 BC 04 00 00 00 00 00 00 00 00 00 00 00 
[2016_11_17 16:04:25]Receive:0x02 : Bytes:47 01 CA 16 11 00 21 02 16 11 17 16 04 24 01 1A 70 02 35 01 F7 FF 50 20 64 00 00 04 CA 16 11 00 01 BC 07 C5 03 00 00 00 00 00 00 00 00 00 00 00 
[2016_11_17 16:14:29]Receive:0x02 : Bytes:47 
01 CA 16 11 00 21 02 16 11 17 16 14 28 01 1A 71 01 F7 02 81 FF 3F 20 64 00 00 04 CA 16 11 00 01 BF 08 C2 03 00 00 00 00 00 00 00 00 00 00 00 
[2016_11_17 16:24:33]Receive:0x02 : Bytes:47 01 CA 16 11 00 21 02 16 11 17 16 24 32 01 1A 72 01 F2 02 8D FF 21 20 64 00 00 04 CA 16 11 00 01 C1 09 C1 06 00 00 00 00 00 00 00 00 00 00 00 

[2016_11_17 16:34:37]Receive:0x02 : Bytes:47 01 CA 16 11 00 21 02 16 11 17 16 34 36 01 1A 73 01 FD 02 77 FF 38 20 64 00 00 04 CA 16 11 00 01 C2 09 C0 0F 00 00 00 00 00 00 00 00 00 00 00 
[2016_11_17 16:44:41]Receive:0x02 : Bytes:47 01 CA 16 11 00 21 02 16 11 17 16 44 40 01 1A 74 01 FE 02 80 FF 38 20 64 00 00 04 CA 16 11 00 01 C3 07 C1 02 00 00 00 00 00 00 00 
00 00 00 00 
[2016_11_17 16:54:45]Receive:0x02 : Bytes:47 01 CA 16 11 00 21 02 16 11 17 16 54 44 01 1A 75 02 28 01 EB FF 6C 20 64 00 00 04 CA 16 11 00 01 C2 05 C6 0C 00 00 00 00 00 00 00 00 00 00 00 
[2016_11_17 17:05:04]Receive:0x02 : Bytes:47 01 CA 16 11 00 21 02 16 11 17 17 05 01 01 1A 76 01 53 FE EF 00 55 22 64 00 00 04 CA 16 11 00 01 C3 06 BD 08 00 00 00 
00 00 00 00 00 00 00 00 
[2016_11_17 17:14:53]Receive:0x02 : Bytes:47 01 CA 16 11 00 21 02 16 11 17 17 14 53 01 1A 77 01 49 FF 08 00 40 20 64 00 00 04 CA 16 11 00 01 C3 07 BE 0B 00 00 00 00 00 00 00 00 00 00 00 
[2016_11_17 17:24:57]Receive:0x02 : Bytes:47 01 CA 16 11 00 21 02 16 11 17 17 24 57 01 1A 78 01 4C FF 03 00 3E 20 64 00 00 04 CA 16 11 00 01 C2 07 BE 
06 00 00 00 00 00 00 00 00 00 00 00 
[2016_11_17 17:35:01]Receive:0x02 : Bytes:47 01 CA 16 11 00 21 02 16 11 17 17 35 00 01 1A 79 01 41 FF 0D 00 3B 20 64 00 00 04 CA 16 11 00 01 C1 09 BD 0C 00 00 00 00 00 00 00 00 00 00 00 
[2016_11_17 17:55:16]Receive:0x02 : Bytes:47 01 CA 16 11 00 21 02 16 11 17 17 55 16 01 1A 7B 01 45 FF 01 00 60 22 64 00 00 04 CA 16 11 00 
01 BF 08 BE 0B 00 00 00 00 00 00 00 00 00 00 00 
[2016_11_17 18:05:20]Receive:0x02 : Bytes:47 01 CA 16 11 00 21 02 16 11 17 18 05 19 01 1A 7C FF E2 04 F7 00 EE 20 64 00 00 04 CA 16 11 00 01 BF 09 C1 13 00 00 00 00 00 00 00 00 00 00 00 
[2016_11_17 18:15:23]Receive:0x02 : Bytes:47 01 CA 16 11 00 21 02 16 11 17 18 15 23 01 1A 7D FF 59 05 F4 00 AB 20 64 00 00 04 
CA 16 11 00 01 C0 09 C0 06 00 00 00 00 00 00 00 00 00 00 00 
[2016_11_17 18:25:28]Receive:0x02 : Bytes:47 01 CA 16 11 00 21 02 16 11 17 18 25 27 01 1A 7E FF 55 05 FB 00 AB 20 64 00 00 04 CA 16 11 00 01 C0 07 C0 0F 00 00 00 00 00 00 00 00 00 00 00 
[2016_11_17 18:35:32]Receive:0x02 : Bytes:47 01 CA 16 11 00 21 02 16 11 17 18 35 31 01 1A 7F FF 5F 05 F5 00 A8 20 
64 00 00 04 CA 16 11 00 01 C1 08 C1 09 00 00 00 00 00 00 00 00 00 00 00 
[2016_11_17 18:45:36]Receive:0x02 : Bytes:47 01 CA 16 11 00 21 02 16 11 17 18 45 35 01 1A 80 FF 55 05 FD 00 A3 20 64 00 00 04 CA 16 11 00 01 C2 07 C0 06 00 00 00 00 00 00 00 00 00 00 00 
[2016_11_17 18:55:40]Receive:0x02 : Bytes:47 01 CA 16 11 00 21 02 16 11 17 18 55 39 01 1A 81 FF 63 05 
EC 00 A8 20 64 00 00 04 CA 16 11 00 01 C2 06 C0 0D 00 00 00 00 00 00 00 00 00 00 00 
[2016_11_17 19:05:44]Receive:0x02 : Bytes:47 01 CA 16 11 00 21 02 16 11 17 19 05 43 01 1A 82 FF 54 05 FE 00 A7 20 64 00 00 04 CA 16 11 00 01 C2 05 C0 09 00 00 00 00 00 00 00 00 00 00 00 
[2016_11_17 19:15:48]Receive:0x02 : Bytes:47 01 CA 16 11 00 21 02 16 11 17 19 15 47 01 1A 
83 FF 52 05 FA 00 BE 20 64 00 00 04 CA 16 11 00 01 C2 07 C1 0A 00 00 00 00 00 00 00 00 00 00 00 
[2016_11_17 19:25:52]Receive:0x02 : Bytes:47 01 CA 16 11 00 21 02 16 11 17 19 25 51 01 1A 84 FF 53 05 F5 00 BF 20 64 00 00 04 CA 16 11 00 01 C2 07 C1 0C 00 00 00 00 00 00 00 00 00 00 00 
[2016_11_17 19:35:54]Receive:0x02 : Bytes:47 01 CA 16 11 00 21 02 16 11 17 19 
35 53 01 1A 85 FF 5D 05 EC 00 B4 20 64 00 00 04 CA 16 11 00 01 C2 08 C1 04 00 00 00 00 00 00 00 00 00 00 00 
[2016_11_17 19:45:56]Receive:0x02 : Bytes:47 01 CA 16 11 00 21 02 16 11 17 19 45 55 01 1A 86 FF 4D 05 FD 00 CD 20 64 00 00 04 CA 16 11 00 01 C1 08 C1 05 00 00 00 00 00 00 00 00 00 00 00 
[2016_11_17 19:55:59]Receive:0x02 : Bytes:47 01 CA 16 11 00 21 02 
16 11 17 19 55 58 01 1A 87 FF 58 05 F0 00 BD 20 64 00 00 04 CA 16 11 00 01 C2 06 C1 04 00 00 00 00 00 00 00 00 00 00 00 
[2016_11_17 20:06:03]Receive:0x02 : Bytes:47 01 CA 16 11 00 21 02 16 11 17 20 06 03 01 1A 88 FF 5A 05 F5 00 BD 20 64 00 00 04 CA 16 11 00 01 C1 09 C0 07 00 00 00 00 00 00 00 00 00 00 00 
[2016_11_17 20:16:07]Receive:0x02 : Bytes:47 01 CA 16 
11 00 21 02 16 11 17 20 16 06 01 1A 89 FF 59 05 FB 00 C9 20 64 00 00 04 CA 16 11 00 01 C1 09 C0 08 00 00 00 00 00 00 00 00 00 00 00 
[2016_11_17 20:26:11]Receive:0x02 : Bytes:47 01 CA 16 11 00 21 02 16 11 17 20 26 10 01 1A 8A FF 5D 05 FA 00 BF 20 64 00 00 04 CA 16 11 00 01 C1 0A C0 0B 00 00 00 00 00 00 00 00 00 00 00 
[2016_11_17 20:36:14]Receive:0x02 : Bytes:47 
01 CA 16 11 00 21 02 16 11 17 20 36 13 01 1A 8B FF 55 05 F7 00 E1 20 64 00 00 04 CA 16 11 00 01 C2 08 C1 06 00 00 00 00 00 00 00 00 00 00 00 
[2016_11_17 20:46:18]Receive:0x02 : Bytes:47 01 CA 16 11 00 21 02 16 11 17 20 46 17 01 1A 8C FF 5C 05 ED 00 D9 20 64 00 00 04 CA 16 11 00 01 C2 06 C0 06 00 00 00 00 00 00 00 00 00 00 00 

[2016_11_17 20:56:22]Receive:0x02 : Bytes:47 01 CA 16 11 00 21 02 16 11 17 20 56 21 01 1A 8D FF 5B 05 FE 00 A6 20 64 00 00 04 CA 16 11 00 01 C2 05 C1 0A 00 00 00 00 00 00 00 00 00 00 00 
[2016_11_17 21:06:26]Receive:0x02 : Bytes:47 01 CA 16 11 00 21 02 16 11 17 21 06 25 01 1A 8E FF 5B 06 02 00 AD 20 64 00 00 04 CA 16 11 00 01 C2 06 C0 08 00 00 00 00 00 00 00 
00 00 00 00 
[2016_11_17 21:16:30]Receive:0x02 : Bytes:47 01 CA 16 11 00 21 02 16 11 17 21 16 29 01 1A 8F FF 52 06 0E 00 AB 20 64 00 00 04 CA 16 11 00 01 C1 07 C0 05 00 00 00 00 00 00 00 00 00 00 00 
[2016_11_17 21:26:34]Receive:0x02 : Bytes:47 01 CA 16 11 00 21 02 16 11 17 21 26 33 01 1A 90 FF 5A 06 02 00 A2 20 64 00 00 04 CA 16 11 00 01 C1 06 C0 05 00 00 00 
00 00 00 00 00 00 00 00 
[2016_11_17 21:36:38]Receive:0x02 : Bytes:47 01 CA 16 11 00 21 02 16 11 17 21 36 37 01 1A 91 FF 5C 06 03 00 96 20 64 00 00 04 CA 16 11 00 01 C1 07 C0 07 00 00 00 00 00 00 00 00 00 00 00 
[2016_11_17 21:46:41]Receive:0x02 : Bytes:47 01 CA 16 11 00 21 02 16 11 17 21 46 40 01 1A 92 FF 59 05 FF 00 9F 20 64 00 00 04 CA 16 11 00 01 C1 09 C0 
05 00 00 00 00 00 00 00 00 00 00 00 
[2016_11_17 21:56:45]Receive:0x02 : Bytes:47 01 CA 16 11 00 21 02 16 11 17 21 56 44 01 1A 93 FF 53 06 04 00 A0 20 64 00 00 04 CA 16 11 00 01 C1 08 C0 03 00 00 00 00 00 00 00 00 00 00 00 
[2016_11_17 22:06:49]Receive:0x02 : Bytes:47 01 CA 16 11 00 21 02 16 11 17 22 06 48 01 1A 94 FF 55 05 F9 00 BF 20 64 00 00 04 CA 16 11 00 
01 C1 09 C0 04 00 00 00 00 00 00 00 00 00 00 00 
[2016_11_17 22:16:53]Receive:0x02 : Bytes:47 01 CA 16 11 00 21 02 16 11 17 22 16 52 01 1A 95 FF 50 05 FF 00 BB 20 64 00 00 04 CA 16 11 00 01 C1 08 C0 0B 00 00 00 00 00 00 00 00 00 00 00 
[2016_11_17 22:26:57]Receive:0x02 : Bytes:47 01 CA 16 11 00 21 02 16 11 17 22 26 56 01 1A 96 FF 4F 05 FF 00 C2 20 64 00 00 04 
CA 16 11 00 01 C1 05 C0 05 00 00 00 00 00 00 00 00 00 00 00 
[2016_11_17 22:37:01]Receive:0x02 : Bytes:47 01 CA 16 11 00 21 02 16 11 17 22 37 00 01 1A 97 FF 52 05 FA 00 C1 20 64 00 00 04 CA 16 11 00 01 C1 06 BF 08 00 00 00 00 00 00 00 00 00 00 00 
[2016_11_17 22:47:05]Receive:0x02 : Bytes:47 01 CA 16 11 00 21 02 16 11 17 22 47 04 01 1A 98 FF 52 05 F3 00 BD 20 
64 00 00 04 CA 16 11 00 01 C1 05 C0 0A 00 00 00 00 00 00 00 00 00 00 00 
[2016_11_17 22:57:09]Receive:0x02 : Bytes:47 01 CA 16 11 00 21 02 16 11 17 22 57 08 01 1A 99 FF 50 05 F8 00 C7 20 64 00 00 04 CA 16 11 00 01 C1 05 C0 04 00 00 00 00 00 00 00 00 00 00 00 
[2016_11_17 23:07:15]Receive:0x02 : Bytes:47 01 CA 16 11 00 21 02 16 11 17 23 07 12 01 1A 9A FF 52 05 
F6 00 B8 20 64 00 00 04 CA 16 11 00 01 C1 05 C0 0B 00 00 00 00 00 00 00 00 00 00 00 
[2016_11_17 23:17:17]Receive:0x02 : Bytes:47 01 CA 16 11 00 21 02 16 11 17 23 17 16 01 1A 9B FF 2C 06 17 00 F7 20 64 00 00 04 CA 16 11 00 01 C1 04 C0 06 00 00 00 00 00 00 00 00 00 00 00 
[2016_11_17 23:27:21]Receive:0x02 : Bytes:47 01 CA 16 11 00 21 02 16 11 17 23 27 20 01 1A 
9C FF 4B 05 F2 00 DD 20 64 00 00 04 CA 16 11 00 01 C1 05 C0 09 00 00 00 00 00 00 00 00 00 00 00 
[2016_11_17 23:37:25]Receive:0x02 : Bytes:47 01 CA 16 11 00 21 02 16 11 17 23 37 24 01 1A 9D FF 3F 06 14 00 B2 20 64 00 00 04 CA 16 11 00 01 C1 09 BF 05 00 00 00 00 00 00 00 00 00 00 00 
[2016_11_17 23:47:29]Receive:0x02 : Bytes:47 01 CA 16 11 00 21 02 16 11 17 23 
47 28 01 1A 9E FF 39 06 1D 00 BC 20 64 00 00 04 CA 16 11 00 01 C1 0B C0 02 00 00 00 00 00 00 00 00 00 00 00 
[2016_11_17 23:57:33]Receive:0x02 : Bytes:47 01 CA 16 11 00 21 02 16 11 17 23 57 32 01 1A 9F FF 41 06 17 00 B6 20 64 00 00 04 CA 16 11 00 01 C1 0C BF 12 00 00 00 00 00 00 00 00 00 00 00