[2016_11_17 07:30:10] Received: 0x22 : Bytes: 31 01 CA 16 11 00 25 62 16 11 17 07 29 39 00 00 00 00 00 00 01 00 00 00 00 00 00 00 00 00 00 00
[2016_11_17 07:30:10] Sent: 0xA2 : Bytes: 15 01 CA 16 11 00 25 A2 16 11 17 07 29 39 00 00
[2016_11_17 07:49:20] Received: 0x02 : Bytes: 47 01 CA 16 11 00 25 02 16 11 17 07 48 03 01 1A 40 FF 13 03 81 00 57 20 64 00 00 04 CA 16 11 00 01 BF 07 BC 0C 00 00 00 00 00 00 00 00 00 00 00
[2016_11_17 07:49:22] Received: 0x02 : Bytes: 47 01 CA 16 11 00 25 02 16 11 17 07 42 01 01 1A 40 FF 22 03 8C 00 4F 20 64 00 00 04 CA 16 11 00 01 BF 07 BC 10 00 00 00 00 00 00 00 00 00 00 00
[2016_11_17 08:07:45] Received: 0x02 : Bytes: 47 01 CA 16 11 00 25 02 16 11 17 08 07 44 01 1A 42 FE 85 02 B3 FF 6B 20 64 00 00 04 CA 16 11 00 01 BD 05 BE 12 00 00 00 00 00 00 00 00 00 00 00
[2016_11_17 08:11:58] Received: 0x22 : Bytes: 31 01 CA 16 11 00 25 62 16 11 17 08 11 57 00 00 00 00 00 00 01 00 00 00 00 00 00 00 00 00 00 00
[2016_11_17 08:11:58] Sent: 0xA2 : Bytes: 15 01 CA 16 11 00 25 A2 16 11 17 08 11 57 00 00
[2016_11_17 08:17:49] Received: 0x02 : Bytes: 47 01 CA 16 11 00 25 02 16 11 17 08 17 48 01 1A 43 FE 92 02 BB FF 6E 20 64 00 00 04 CA 16 11 00 01 BE 07 BD 09 00 00 00 00 00 00 00 00 00 00 00
[2016_11_17 08:27:53] Received: 0x02 : Bytes: 47 01 CA 16 11 00 25 02 16 11 17 08 27 52 01 1A 44 FE 96 02 BA FF 68 20 64 00 00 04 CA 16 11 00 01 BE 07 C0 08 00 00 00 00 00 00 00 00 00 00 00
[2016_11_17 08:37:57] Received: 0x02 : Bytes: 47 01 CA 16 11 00 25 02 16 11 17 08 37 56 01 1A 45 FE 8A 02 AF FF 7C 20 64 00 00 04 CA 16 11 00 01 BF 07 C1 0A 00 00 00 00 00 00 00 00 00 00 00
[2016_11_17 09:39:22] Received: 0x02 : Bytes: 47 01 CA 16 11 00 25 02 16 11 17 09 39 05 01 1A 4B FE F6 02 BC FF 7F 20 64 00 00 04 CA 16 11 00 01 C0 08 BB 15 00 00 00 00 00 00 00 00 00 00 00
[2016_11_17 09:39:22] Received: 0x02 : Bytes: 47 01 CA 16 11 00 25 02 16 11 17 09 38 32 01 1A 4B FE FB 02 C0 FF 82 20 64 00 00 04 CA 16 11 00 01 C0 08 BA 0E 00 00 00 00 00 00 00 00 00 00 00
[2016_11_17 09:48:44] Received: 0x02 : Bytes: 47 01 CA 16 11 00 25 02 16 11 17 09 48 43 01 1A 4C FE 91 02 9E FF 6A 20 64 00 00 04 CA 16 11 00 01 BE 08 BE 0A 00 00 00 00 00 00 00 00 00 00 00
[2016_11_17 09:58:49] Received: 0x02 : Bytes: 47 01 CA 16 11 00 25 02 16 11 17 09 58 48 01 1A 4D FE F7 02 2F FF 75 20 64 00 00 04 CA 16 11 00 01 BD 09 BB 09 00 00 00 00 00 00 00 00 00 00 00
[2016_11_17 10:19:31] Received: 0x22 : Bytes: 31 01 CA 16 11 00 25 62 16 11 17 10 19 10 00 00 00 00 00 00 01 00 00 00 00 00 00 00 00 00 00 00
[2016_11_17 10:19:31] Sent: 0xA2 : Bytes: 15 01 CA 16 11 00 25 A2 16 11 17 10 19 10 00 00
[2016_11_17 10:19:34] Received: 0x22 : Bytes: 31 01 CA 16 11 00 25 62 16 11 17 10 19 10 00 00 00 00 00 00 01 00 00 00 00 00 00 00 00 00 00 00
[2016_11_17 10:19:34] Sent: 0xA2 : Bytes: 15 01 CA 16 11 00 25 A2 16 11 17 10 19 10 00 00
[2016_11_17 10:19:35] Received: 0x02 : Bytes: 47 01 CA 16 11 00 25 02 16 11 17 10 19 00 01 1A 4F FE F5 02 14 FF 95 22 64 00 00 04 CA 16 11 00 01 BB 07 BB 0B 00 00 00 00 00 00 00 00 00 00 00
[2016_11_17 10:19:35] Received: 0x02 : Bytes: 47 01 CA 16 11 00 25 02 16 11 17 10 18 59 01 1A 4F FE F3 02 29 FF A2 20 64 00 00 04 CA 16 11 00 01 BB 07 BA 0D 00 00 00 00 00 00 00 00 00 00 00
[2016_11_17 10:19:35] Received: 0x02 : Bytes: 47 01 CA 16 11 00 25 02 16 11 17 10 19 11 01 1A 4F FE F2 02 2E FF 99 20 64 00 00 04 CA 16 11 00 01 BB 07 BC 09 00 00 00 00 00 00 00 00 00 00 00
[2016_11_17 10:29:03] Received: 0x02 : Bytes: 47 01 CA 16 11 00 25 02 16 11 17 10 29 01 01 1A 50 FE F7 02 16 FF A4 20 64 00 00 04 CA 16 11 00 01 BC 09 BC 04 00 00 00 00 00 00 00 00 00 00 00
[2016_11_17 10:39:07] Received: 0x02 : Bytes: 47 01 CA 16 11 00 25 02 16 11 17 10 39 06 01 1A 51 FE F4 02 4C FF 98 20 64 00 00 04 CA 16 11 00 01 BC 09 BA 0B 00 00 00 00 00 00 00 00 00 00 00
[2016_11_17 10:49:23] Received: 0x02 : Bytes: 47 01 CA 16 11 00 25 02 16 11 17 10 49 22 01 1A 52 FE F7 02 15 FF C1 22 64 00 00 04 CA 16 11 00 01 BC 0A BA 0D 00 00 00 00 00 00 00 00 00 00 00
[2016_11_17 11:31:48] Received: 0x22 : Bytes: 31 01 CA 16 11 00 25 62 16 11 17 11 31 47 00 00 00 00 00 00 01 00 00 00 00 00 00 00 00 00 00 00
[2016_11_17 11:31:48] Sent: 0xA2 : Bytes: 15 01 CA 16 11 00 25 A2 16 11 17 11 31 47 00 00
[2016_11_17 11:39:39] Received: 0x02 : Bytes: 47 01 CA 16 11 00 25 02 16 11 17 11 39 39 01 1A 57 FE CE 03 0C 00 02 20 64 00 00 04 CA 16 11 00 01 BC 08 BF 0B 00 00 00 00 00 00 00 00 00 00 00
[2016_11_17 11:49:43] Received: 0x02 : Bytes: 47 01 CA 16 11 00 25 02 16 11 17 11 49 43 01 1A 58 FE C7 03 24 FF DB 20 64 00 00 04 CA 16 11 00 01 BD 07 C0 0C 00 00 00 00 00 00 00 00 00 00 00
[2016_11_17 11:59:47] Received: 0x02 : Bytes: 47 01 CA 16 11 00 25 02 16 11 17 11 59 47 01 1A 59 FE 93 02 A5 FF 8E 20 64 00 00 04 CA 16 11 00 01 BE 06 BB 0B 00 00 00 00 00 00 00 00 00 00 00
[2016_11_17 12:09:51] Received: 0x02 : Bytes: 47 01 CA 16 11 00 25 02 16 11 17 12 09 50 01 1A 5A FE C4 02 44 FF C9 20 64 00 00 04 CA 16 11 00 01 BE 06 BA 0D 00 00 00 00 00 00 00 00 00 00 00
[2016_11_17 12:19:56] Received: 0x02 : Bytes: 47 01 CA 16 11 00 25 02 16 11 17 12 19 54 01 1A 5B FE B6 02 2D FF AA 20 64 00 00 04 CA 16 11 00 01 BE 07 BE 07 00 00 00 00 00 00 00 00 00 00 00
[2016_11_17 12:29:59] Received: 0x02 : Bytes: 47 01 CA 16 11 00 25 02 16 11 17 12 29 58 01 1A 5C FE B7 02 33 FF BF 20 64 00 00 04 CA 16 11 00 01 BD 07 BE 05 00 00 00 00 00 00 00 00 00 00 00
[2016_11_17 12:40:03] Received: 0x02 : Bytes: 47 01 CA 16 11 00 25 02 16 11 17 12 40 02 01 1A 5D FE B7 02 34 FF AF 20 64 00 00 04 CA 16 11 00 01 BD 0A BE 06 00 00 00 00 00 00 00 00 00 00 00
[2016_11_17 12:50:08] Received: 0x02 : Bytes: 47 01 CA 16 11 00 25 02 16 11 17 12 50 07 01 1A 5E FE B7 02 3C FF B6 20 64 00 00 04 CA 16 11 00 01 BD 09 BB 05 00 00 00 00 00 00 00 00 00 00 00
[2016_11_17 13:00:54] Received: 0x02 : Bytes: 47 01 CA 16 11 00 25 02 16 11 17 13 00 45 01 1A 5F FE BD 02 31 FF CE 21 64 00 00 04 CA 16 11 00 01 BE 08 BC 0D 00 00 00 00 00 00 00 00 00 00 00
[2016_11_17 13:10:24] Received: 0x02 : Bytes: 47 01 CA 16 11 00 25 02 16 11 17 13 10 23 01 1A 60 FE C4 02 32 FF D0 22 64 00 00 04 CA 16 11 00 01 BE 08 BC 11 00 00 00 00 00 00 00 00 00 00 00
[2016_11_17 13:20:15] Received: 0x02 : Bytes: 47 01 CA 16 11 00 25 02 16 11 17 13 20 14 01 1A 61 FE B3 02 55 FF 9B 20 64 00 00 04 CA 16 11 00 01 BD 04 BB 08 00 00 00 00 00 00 00 00 00 00 00
[2016_11_17 13:30:19] Received: 0x02 : Bytes: 47 01 CA 16 11 00 25 02 16 11 17 13 30 18 01 1A 62 FE 89 02 CF FF 7C 20 64 00 00 04 CA 16 11 00 01 BC 03 BF 0A 00 00 00 00 00 00 00 00 00 00 00
[2016_11_17 13:40:23] Received: 0x02 : Bytes: 47 01 CA 16 11 00 25 02 16 11 17 13 40 22 01 1A 63 FE F0 02 6B 00 0C 20 64 00 00 04 CA 16 11 00 01 BD 05 C0 0A 00 00 00 00 00 00 00 00 00 00 00
[2016_11_17 13:50:27] Received: 0x02 : Bytes: 47 01 CA 16 11 00 25 02 16 11 17 13 50 26 01 1A 64 FE 8A 02 BB FF 6D 20 64 00 00 04 CA 16 11 00 01 BE 07 C0 04 00 00 00 00 00 00 00 00 00 00 00
[2016_11_17 14:21:09] Received: 0x22 : Bytes: 31 01 CA 16 11 00 25 62 16 11 17 14 20 58 00 00 00 00 00 00 01 00 00 00 00 00 00 00 00 00 00 00
[2016_11_17 14:21:09] Sent: 0xA2 : Bytes: 15 01 CA 16 11 00 25 A2 16 11 17 14 20 58 00 00
[2016_11_17 14:21:14] Received: 0x02 : Bytes: 47 01 CA 16 11 00 25 02 16 11 17 14 21 13 01 1A 67 FF 7B 03 47 FF ED 21 64 00 00 04 CA 16 11 00 01 BE 0C BB 0C 00 00 00 00 00 00 00 00 00 00 00
[2016_11_17 14:30:52] Received: 0x02 : Bytes: 47 01 CA 16 11 00 25 02 16 11 17 14 30 51 01 1A 68 FF 83 03 63 FF D4 20 64 00 00 04 CA 16 11 00 01 BE 0B BB 0B 00 00 00 00 00 00 00 00 00 00 00
[2016_11_17 14:40:56] Received: 0x02 : Bytes: 47 01 CA 16 11 00 25 02 16 11 17 14 40 55 01 1A 69 FF 75 03 74 FF B8 20 64 00 00 04 CA 16 11 00 01 BC 08 BB 0A 00 00 00 00 00 00 00 00 00 00 00
[2016_11_17 14:51:12] Received: 0x02 : Bytes: 47 01 CA 16 11 00 25 02 16 11 17 14 51 11 01 1A 6A FF 7D 03 4C FF DB 22 64 00 00 04 CA 16 11 00 01 BB 06 B9 12 00 00 00 00 00 00 00 00 00 00 00
[2016_11_17 15:01:58] Received: 0x02 : Bytes: 47 01 CA 16 11 00 25 02 16 11 17 15 01 39 01 1A 6B FF 9C 03 6B FF DA 20 64 00 00 04 CA 16 11 00 01 BB 06 BC 07 00 00 00 00 00 00 00 00 00 00 00
[2016_11_17 15:11:18] Received: 0x02 : Bytes: 47 01 CA 16 11 00 25 02 16 11 17 15 11 17 01 1A 6C FC 59 01 96 FF 38 22 64 00 00 04 CA 16 11 00 01 BB 05 B9 0C 00 00 00 00 00 00 00 00 00 00 00
[2016_11_17 15:31:28] Received: 0x02 : Bytes: 47 01 CA 16 11 00 25 02 16 11 17 15 31 28 01 1A 6E FC 55 01 98 FF 44 22 64 00 00 04 CA 16 11 00 01 BB 07 BB 0C 00 00 00 00 00 00 00 00 00 00 00
[2016_11_17 15:41:20] Received: 0x02 : Bytes: 47 01 CA 16 11 00 25 02 16 11 17 15 41 19 01 1A 6F FC 62 01 93 FF 49 20 64 00 00 04 CA 16 11 00 01 BB 08 BA 0B 00 00 00 00 00 00 00 00 00 00 00
[2016_11_17 15:51:23] Received: 0x02 : Bytes: 47 01 CA 16 11 00 25 02 16 11 17 15 51 23 01 1A 70 FE FE 02 37 00 F6 20 64 00 00 04 CA 16 11 00 01 BB 09 BB 0C 00 00 00 00 00 00 00 00 00 00 00
[2016_11_17 16:01:27] Received: 0x02 : Bytes: 47 01 CA 16 11 00 25 02 16 11 17 16 01 26 01 1A 71 FE F3 02 64 00 C1 20 64 00 00 04 CA 16 11 00 01 BA 0B BB 07 00 00 00 00 00 00 00 00 00 00 00
[2016_11_17 16:11:31] Received: 0x02 : Bytes: 47 01 CA 16 11 00 25 02 16 11 17 16 11 30 01 1A 72 FE FB 02 64 00 C3 20 64 00 00 04 CA 16 11 00 01 BB 0A BC 0B 00 00 00 00 00 00 00 00 00 00 00
[2016_11_17 16:21:35] Received: 0x02 : Bytes: 47 01 CA 16 11 00 25 02 16 11 17 16 21 35 01 1A 73 FE F7 02 63 00 C9 20 64 00 00 04 CA 16 11 00 01 BB 0A BB 0B 00 00 00 00 00 00 00 00 00 00 00
[2016_11_17 16:31:39] Received: 0x02 : Bytes: 47 01 CA 16 11 00 25 02 16 11 17 16 31 38 01 1A 74 FF 08 02 5B 00 EA 20 64 00 00 04 CA 16 11 00 01 BC 08 BB 09 00 00 00 00 00 00 00 00 00 00 00
[2016_11_17 16:41:43] Received: 0x02 : Bytes: 47 01 CA 16 11 00 25 02 16 11 17 16 41 43 01 1A 75 FE FE 02 67 00 C7 20 64 00 00 04 CA 16 11 00 01 BC 07 BA 10 00 00 00 00 00 00 00 00 00 00 00
[2016_11_17 16:51:16] Received: 0x01 : Bytes: 31 01 CA 16 11 00 25 41 16 11 17 16 51 15 00 1A 14 FE DC 02 E0 FF AB 22 64 00 00 00 00 00 00 00
[2016_11_17 16:51:16] Sent: 0x81 : Bytes: 15 01 CA 16 11 00 25 81 16 11 17 16 51 15 00 00
[2016_11_17 16:51:25] Received: 0x01 : Bytes: 31 01 CA 16 11 00 25 41 16 11 17 16 51 24 01 1A 15 FE CE 02 E5 FF AB 22 64 00 00 00 00 00 00 00
[2016_11_17 16:51:25] Sent: 0x81 : Bytes: 15 01 CA 16 11 00 25 81 16 11 17 16 51 24 00 00
[2016_11_17 16:51:29] Received: 0x24 : Bytes: 95 01 CA 16 11 00 25 64 16 11 17 16 51 28 2E FE D3 02 DD FF AC 00 00 00 00 00 00 00 00 00 00 00 00 00 00 00 00 00 00 00 00 00 00 00 00 00 00 00 00 00 00 00 00 00 00 00 00 00 00 00 00 00 00 00 00 00 00 00 00 00 00 00 00 00 00 00 00 00 00 00 00 00 00 00 00 00 00 01 01 00 00 00 00 00 00 00
[2016_11_17 16:51:29] Sent: 0xA4 : Bytes: 15 01 CA 16 11 00 25 A4 16 11 17 16 51 28 00 00
[2016_11_17 16:51:33] Received: 0x24 : Bytes: 95 01 CA 16 11 00 25 64 16 11 17 16 51 32 2F FE D3 02 DD FF AC FE A2 02 FE FF 71 FE A2 02 F9 FF 70 FE AE 02 D8 FF B6 FE AB 02 D7 FF B5 00 00 00 00 00 00 00 00 00 00 00 00 00 00 00 00 00 00 00 00 00 00 00 00 00 00 00 00 00 00 FE 97 02 A6 FF A1 FE AB 02 D7 FF B5 03 01 00 00 00 00 00 00 00
[2016_11_17 16:51:33] Sent: 0xA4 : Bytes: 15 01 CA 16 11 00 25 A4 16 11 17 16 51 32 00 00
[2016_11_17 16:51:47] Received: 0x02 : Bytes: 47 01 CA 16 11 00 25 02 16 11 17 16 51 46 01 1A 76 FE B1 02 F0 FF 9B 20 64 00 00 04 CA 16 11 00 01 BC 09 BB 09 00 00 00 00 00 00 00 00 00 00 00
[2016_11_17 16:55:44] Received: 0x24 : Bytes: 95 01 CA 16 11 00 25 64 16 11 17 16 55 43 30 FE C1 02 D9 FF B4 FE B3 02 CC FF A1 FE B2 02 CB FF 9E FE B3 02 CC FF A3 00 00 00 00 00 00 00 00 00 00 00 00 00 00 00 00 00 00 00 00 00 00 00 00 00 00 00 00 00 00 00 00 00 00 00 00 FE 97 02 A6 FF A1 FE B3 02 CC FF A3 03 01 00 00 00 00 00 00 00
[2016_11_17 16:55:44] Sent: 0xA4 : Bytes: 15 01 CA 16 11 00 25 A4 16 11 17 16 55 43 00 00
[2016_11_17 17:00:04] Received: 0x24 : Bytes: 95 01 CA 16 11 00 25 64 16 11 17 17 00 03 31 FE A3 02 D3 FF B0 FE B3 02 DC FF CD FE B1 02 DC FF CE FE B4 02 DE FF CB 00 00 00 00 00 00 00 00 00 00 00 00 00 00 00 00 00 00 00 00 00 00 00 00 00 00 00 00 00 00 00 00 00 00 00 00 FE 97 02 A6 FF A1 FE B4 02 DE FF CB 03 01 00 00 00 00 00 00 00
[2016_11_17 17:00:04] Sent: 0xA4 : Bytes: 15 01 CA 16 11 00 25 A4 16 11 17 17 00 03 00 00
[2016_11_17 17:00:09] Received: 0x24 : Bytes: 95 01 CA 16 11 00 25 64 16 11 17 17 00 07 32 FE B0 02 E5 FF C3 FE A4 03 02 FF 96 FE A7 03 03 FF 97 FE AB 02 DC FF CC FE AA 02 D5 FF BF 00 00 00 00 00 00 00 00 00 00 00 00 00 00 00 00 00 00 00 00 00 00 00 00 00 00 00 00 00 00 FE 97 02 A6 FF A1 FE AA 02 D5 FF BF 03 01 00 00 00 00 00 00 00
[2016_11_17 17:00:09] Sent: 0xA4 : Bytes: 15 01 CA 16 11 00 25 A4 16 11 17 17 00 07 00 00
[2016_11_17 17:00:26] Received: 0x24 : Bytes: 95 01 CA 16 11 00 25 64 16 11 17 17 00 16 34 FE A1 02 D8 FF A5 FE 98 02 F2 FF 74 FE 97 02 F5 FF 77 FE A4 02 D1 FF B5 FE A5 02 D1 FF B3 00 00 00 00 00 00 00 00 00 00 00 00 00 00 00 00 00 00 00 00 00 00 00 00 00 00 00 00 00 00 FE 97 02 A6 FF A1 FE A5 02 D1 FF B3 03 01 00 00 00 00 00 00 00
[2016_11_17 17:00:26] Sent: 0xA4 : Bytes: 15 01 CA 16 11 00 25 A4 16 11 17 17 00 16 00 00
[2016_11_17 17:01:54] Received: 0x02 : Bytes: 47 01 CA 16 11 00 25 02 16 11 17 17 01 52 01 1A 77 FE 8F 02 D5 FF 93 20 64 00 00 04 CA 16 11 00 01 BD 07 BB 0C 00 00 00 00 00 00 00 00 00 00 00
[2016_11_17 17:12:31] Received: 0x02 : Bytes: 47 01 CA 16 11 00 25 02 16 11 17 17 12 20 01 1A 78 FF 23 03 0C FF D1 22 64 00 00 04 CA 16 11 00 01 BC 0A BB 06 00 00 00 00 00 00 00 00 00 00 00
[2016_11_17 17:21:59] Received: 0x02 : Bytes: 47 01 CA 16 11 00 25 02 16 11 17 17 21 59 01 1A 79 02 BE 03 47 05 D5 20 64 00 00 04 CA 16 11 00 01 BC 09 BB 0B 00 00 00 00 00 00 00 00 00 00 00
[2016_11_17 17:32:03] Received: 0x02 : Bytes: 47 01 CA 16 11 00 25 02 16 11 17 17 32 03 01 1A 7A FE 8D 02 AF FF 76 20 64 00 00 04 CA 16 11 00 01 BC 0A B9 10 00 00 00 00 00 00 00 00 00 00 00
[2016_11_17 17:42:07] Received: 0x02 : Bytes: 47 01 CA 16 11 00 25 02 16 11 17 17 42 06 01 1A 7B FE 97 02 BD FF 7B 20 64 00 00 04 CA 16 11 00 01 BC 0B BD 03 00 00 00 00 00 00 00 00 00 00 00
[2016_11_17 17:52:23] Received: 0x02 : Bytes: 47 01 CA 16 11 00 25 02 16 11 17 17 52 23 01 1A 7C FE 95 02 A1 FF 7F 22 64 00 00 04 CA 16 11 00 01 BD 07 C0 0B 00 00 00 00 00 00 00 00 00 00 00
[2016_11_17 18:02:15] Received: 0x02 : Bytes: 47 01 CA 16 11 00 25 02 16 11 17 18 02 14 01 1A 7D FE 86 02 54 00 18 20 64 00 00 04 CA 16 11 00 01 BE 05 BC 07 00 00 00 00 00 00 00 00 00 00 00
[2016_11_17 18:24:38] Received: 0x02 : Bytes: 47 01 CA 16 11 00 25 02 16 11 17 18 23 04 01 1A 7F FE 77 02 59 00 16 20 64 00 00 04 CA 16 11 00 01 BE 05 BB 0C 00 00 00 00 00 00 00 00 00 00 00
[2016_11_17 18:43:31] Received: 0x02 : Bytes: 47 01 CA 16 11 00 25 02 16 11 17 18 43 04 01 1A 81 FE 7B 02 52 00 17 20 64 00 00 04 CA 16 11 00 01 BD 06 BC 0C 00 00 00 00 00 00 00 00 00 00 00
[2016_11_17 18:52:43] Received: 0x02 : Bytes: 47 01 CA 16 11 00 25 02 16 11 17 18 52 42 01 1A 82 FE 68 02 60 00 08 20 64 00 00 04 CA 16 11 00 01 BC 08 BC 0A 00 00 00 00 00 00 00 00 00 00 00
[2016_11_17 19:02:47] Received: 0x02 : Bytes: 47 01 CA 16 11 00 25 02 16 11 17 19 02 46 01 1A 83 FE 72 02 55 00 1E 20 64 00 00 04 CA 16 11 00 01 BC 06 BD 0E 00 00 00 00 00 00 00 00 00 00 00
[2016_11_17 19:22:59] Received: 0x02 : Bytes: 47 01 CA 16 11 00 25 02 16 11 17 19 22 58 01 1A 85 FE 7F 02 45 00 35 22 64 00 00 04 CA 16 11 00 01 BD 07 BC 0A 00 00 00 00 00 00 00 00 00 00 00
[2016_11_17 19:33:02] Received: 0x02 : Bytes: 47 01 CA 16 11 00 25 02 16 11 17 19 33 01 01 1A 86 FE 79 02 6A FF F5 20 64 00 00 04 CA 16 11 00 01 BC 07 BC 09 00 00 00 00 00 00 00 00 00 00 00
[2016_11_17 19:43:06] Received: 0x02 : Bytes: 47 01 CA 16 11 00 25 02 16 11 17 19 43 05 01 1A 87 FE 88 02 4B 00 18 20 64 00 00 04 CA 16 11 00 01 BD 07 BC 0F 00 00 00 00 00 00 00 00 00 00 00
[2016_11_17 19:53:10] Received: 0x02 : Bytes: 47 01 CA 16 11 00 25 02 16 11 17 19 53 09 01 1A 88 FE 7F 02 61 00 1F 20 64 00 00 04 CA 16 11 00 01 BD 07 BC 0B 00 00 00 00 00 00 00 00 00 00 00
[2016_11_17 20:03:38] Received: 0x02 : Bytes: 47 01 CA 16 11 00 25 02 16 11 17 20 03 37 01 1A 89 FE 81 02 44 00 3B 22 64 00 00 04 CA 16 11 00 01 BC 05 B9 0C 00 00 00 00 00 00 00 00 00 00 00
[2016_11_17 20:13:17] Received: 0x02 : Bytes: 47 01 CA 16 11 00 25 02 16 11 17 20 13 16 01 1A 8A FE 7F 02 61 00 23 20 64 00 00 04 CA 16 11 00 01 BC 05 BD 0C 00 00 00 00 00 00 00 00 00 00 00
[2016_11_17 20:34:21] Received: 0x02 : Bytes: 47 01 CA 16 11 00 25 02 16 11 17 20 33 53 01 1A 8C FE 70 02 51 FF EE 20 64 00 00 04 CA 16 11 00 01 BC 07 BD 07 00 00 00 00 00 00 00 00 00 00 00
[2016_11_17 20:34:22] Received: 0x02 : Bytes: 47 01 CA 16 11 00 25 02 16 11 17 20 33 52 01 1A 8C FE 77 02 57 00 16 20 64 00 00 04 CA 16 11 00 01 BC 07 BA 0E 00 00 00 00 00 00 00 00 00 00 00
[2016_11_17 20:43:32] Received: 0x02 : Bytes: 47 01 CA 16 11 00 25 02 16 11 17 20 43 30 01 1A 8D FE 8D 02 4C 00 17 20 64 00 00 04 CA 16 11 00 01 BC 07 BE 0C 00 00 00 00 00 00 00 00 00 00 00
[2016_11_17 21:03:54] Received: 0x02 : Bytes: 47 01 CA 16 11 00 25 02 16 11 17 21 03 51 01 1A 8F FE 80 02 52 00 29 22 64 00 00 04 CA 16 11 00 01 BC 06 BC 0A 00 00 00 00 00 00 00 00 00 00 00
[2016_11_17 21:13:44] Received: 0x02 : Bytes: 47 01 CA 16 11 00 25 02 16 11 17 21 13 43 01 1A 90 FE 74 02 77 FF CE 20 64 00 00 04 CA 16 11 00 01 BC 08 BC 0C 00 00 00 00 00 00 00 00 00 00 00
[2016_11_17 21:23:48] Received: 0x02 : Bytes: 47 01 CA 16 11 00 25 02 16 11 17 21 23 47 01 1A 91 FE 71 02 0A FF EC 20 64 00 00 04 CA 16 11 00 01 BD 0B BD 08 00 00 00 00 00 00 00 00 00 00 00
[2016_11_17 21:44:29] Received: 0x02 : Bytes: 47 01 CA 16 11 00 25 02 16 11 17 21 44 10 01 1A 93 FF 0F 02 B7 FE 18 20 64 00 00 04 CA 16 11 00 01 BC 09 BB 0D 00 00 00 00 00 00 00 00 00 00 00
[2016_11_17 21:44:29] Received: 0x02 : Bytes: 47 01 CA 16 11 00 25 02 16 11 17 21 44 11 01 1A 93 FF 0D 02 B3 FE 2D 20 64 00 00 04 CA 16 11 00 01 BC 09 BC 08 00 00 00 00 00 00 00 00 00 00 00
[2016_11_17 22:04:32] Received: 0x02 : Bytes: 47 01 CA 16 11 00 25 02 16 11 17 22 04 23 01 1A 95 FF 0D 02 B5 FE 24 20 64 00 00 04 CA 16 11 00 01 BC 07 BB 07 00 00 00 00 00 00 00 00 00 00 00
[2016_11_17 22:44:51] Received: 0x02 : Bytes: 47 01 CA 16 11 00 25 02 16 11 17 22 44 40 01 1A 99 FF 16 02 A5 FE 38 22 64 00 00 04 CA 16 11 00 01 BC 07 BC 05 00 00 00 00 00 00 00 00 00 00 00
[2016_11_17 22:54:50] Received: 0x02 : Bytes: 47 01 CA 16 11 00 25 02 16 11 17 22 54 49 01 1A 9A FF 19 02 A7 FE 37 22 64 00 00 04 CA 16 11 00 01 BB 09 BA 0A 00 00 00 00 00 00 00 00 00 00 00
[2016_11_17 23:25:41] Received: 0x22 : Bytes: 31 01 CA 16 11 00 25 62 16 11 17 23 25 21 00 00 00 00 00 00 01 00 00 00 00 00 00 00 00 00 00 00
[2016_11_17 23:25:41] Sent: 0xA2 : Bytes: 15 01 CA 16 11 00 25 A2 16 11 17 23 25 21 00 00
[2016_11_17 23:25:43] Received: 0x02 : Bytes: 47 01 CA 16 11 00 25 02 16 11 17 23 25 24 01 1A 9D FF 12 02 BC FE 25 20 64 00 00 04 CA 16 11 00 01 BB 0A BA 06 00 00 00 00 00 00 00 00 00 00 00
[2016_11_17 23:37:24] Received: 0x22 : Bytes: 31 01 CA 16 11 00 25 62 16 11 17 23 37 23 00 00 00 00 00 00 01 00 00 00 00 00 00 00 00 00 00 00
[2016_11_17 23:37:24] Sent: 0xA2 : Bytes: 15 01 CA 16 11 00 25 A2 16 11 17 23 37 23 00 00
[2016_11_17 23:55:26] Received: 0x02 : Bytes: 47 01 CA 16 11 00 25 02 16 11 17 23 55 25 01 1A A0 FF 18 02 A9 FE 3E 22 64 00 00 04 CA 16 11 00 01 B9 09 B8 0E 00 00 00 00 00 00 00 00 00 00 00