[2016_11_17 07:55:05]Received：0x22 : Bytes：31  01 CA 16 11 00 24 62 16 11 17 07 54 34 00 00 00 00 00 00 01 00 00 00 00 00 00 00 00 00 00 00 
[2016_11_17 07:55:05]Sent：0xA2 : Bytes：15  01 CA 16 11 00 24 A2 16 11 17 07 54 34 00 00 
[2016_11_17 08:31:46]Received：0x02 : Bytes：47  01 CA 16 11 00 24 02 16 11 17 08 31 45 01 1A 42 01 C9 00 96 02 8F 22 64 00 00 04 CA 16 11 00 01 BC 05 BC 12 00 00 00 00 00 00 00 00 00 00 00 
[2016_11_17 08:41:50]Received：0x02 : Bytes：47  01 CA 16 11 00 24 02 16 11 17 08 41 49 01 1A 43 01 BF 00 B0 02 59 20 64 00 00 04 CA 16 11 00 01 BC 05 BE 05 00 00 00 00 00 00 00 00 00 00 00 
[2016_11_17 09:02:01]Received：0x02 : Bytes：47  01 CA 16 11 00 24 02 16 11 17 09 02 00 01 1A 45 02 70 00 7C 02 5A 22 64 00 00 04 CA 16 11 00 01 BD 06 BC 0B 00 00 00 00 00 00 00 00 00 00 00 
[2016_11_17 09:14:21]Received：0x22 : Bytes：31  01 CA 16 11 00 24 62 16 11 17 09 13 20 00 00 00 00 00 00 01 00 00 00 00 00 00 00 00 00 00 00 
[2016_11_17 09:14:21]Sent：0xA2 : Bytes：15  01 CA 16 11 00 24 A2 16 11 17 09 13 20 00 00 
[2016_11_17 10:26:55]Received：0x22 : Bytes：31  01 CA 16 11 00 24 62 16 11 17 10 26 15 00 00 00 00 00 00 01 00 00 00 00 00 00 00 00 00 00 00 
[2016_11_17 10:26:55]Sent：0xA2 : Bytes：15  01 CA 16 11 00 24 A2 16 11 17 10 26 15 00 00 
[2016_11_17 11:27:07]Received：0x22 : Bytes：31  01 CA 16 11 00 24 62 16 11 17 11 26 56 00 00 00 00 00 00 01 00 00 00 00 00 00 00 00 00 00 00 
[2016_11_17 11:27:07]Sent：0xA2 : Bytes：15  01 CA 16 11 00 24 A2 16 11 17 11 26 56 00 00 
[2016_11_17 11:33:43]Received：0x02 : Bytes：47  01 CA 16 11 00 24 02 16 11 17 11 33 43 01 1A 54 01 B9 00 6C 02 9D 20 64 00 00 04 CA 16 11 00 01 BC 07 BB 07 00 00 00 00 00 00 00 00 00 00 00 
[2016_11_17 11:44:11]Received：0x02 : Bytes：47  01 CA 16 11 00 24 02 16 11 17 11 44 10 01 1A 55 FF 3C 02 44 05 1F 22 64 00 00 04 CA 16 11 00 01 BC 06 BA 10 00 00 00 00 00 00 00 00 00 00 00 
[2016_11_17 11:53:50]Received：0x02 : Bytes：47  01 CA 16 11 00 24 02 16 11 17 11 53 49 01 1A 56 01 CB 00 9C 02 3E 20 64 00 00 04 CA 16 11 00 01 BA 06 BE 0F 00 00 00 00 00 00 00 00 00 00 00 
[2016_11_17 12:03:55]Received：0x02 : Bytes：47  01 CA 16 11 00 24 02 16 11 17 12 03 54 01 1A 57 00 C3 01 55 03 15 20 64 00 00 04 CA 16 11 00 01 BC 08 BC 14 00 00 00 00 00 00 00 00 00 00 00 
[2016_11_17 12:13:59]Received：0x02 : Bytes：47  01 CA 16 11 00 24 02 16 11 17 12 13 58 01 1A 58 00 BA 01 55 02 E4 20 64 00 00 04 CA 16 11 00 01 BB 08 BA 10 00 00 00 00 00 00 00 00 00 00 00 
[2016_11_17 12:24:03]Received：0x02 : Bytes：47  01 CA 16 11 00 24 02 16 11 17 12 24 02 01 1A 59 00 B4 01 5B 03 1E 20 64 00 00 04 CA 16 11 00 01 BB 08 BA 13 00 00 00 00 00 00 00 00 00 00 00 
[2016_11_17 12:34:07]Received：0x02 : Bytes：47  01 CA 16 11 00 24 02 16 11 17 12 34 06 01 1A 5A 00 B8 01 54 03 0F 20 64 00 00 04 CA 16 11 00 01 BC 08 BD 11 00 00 00 00 00 00 00 00 00 00 00 
[2016_11_17 12:44:11]Received：0x02 : Bytes：47  01 CA 16 11 00 24 02 16 11 17 12 44 09 01 1A 5B 00 B0 01 61 03 13 20 64 00 00 04 CA 16 11 00 01 BB 07 BC 0A 00 00 00 00 00 00 00 00 00 00 00 
[2016_11_17 12:54:15]Received：0x02 : Bytes：47  01 CA 16 11 00 24 02 16 11 17 12 54 14 01 1A 5C 00 AA 01 64 03 1B 20 64 00 00 04 CA 16 11 00 01 BB 06 BD 0E 00 00 00 00 00 00 00 00 00 00 00 
[2016_11_17 13:14:22]Received：0x02 : Bytes：47  01 CA 16 11 00 24 02 16 11 17 13 14 21 01 1A 5E 00 AC 01 65 03 0D 20 64 00 00 04 CA 16 11 00 01 BB 06 BB 0D 00 00 00 00 00 00 00 00 00 00 00 
[2016_11_17 13:24:26]Received：0x02 : Bytes：47  01 CA 16 11 00 24 02 16 11 17 13 24 25 01 1A 5F 00 B1 01 4F 03 35 20 64 00 00 04 CA 16 11 00 01 BB 06 BA 0A 00 00 00 00 00 00 00 00 00 00 00 
[2016_11_17 13:34:30]Received：0x02 : Bytes：47  01 CA 16 11 00 24 02 16 11 17 13 34 29 01 1A 60 01 8E 00 5D 02 84 20 64 00 00 04 CA 16 11 00 01 BA 07 BF 06 00 00 00 00 00 00 00 00 00 00 00 
[2016_11_17 13:44:34]Received：0x02 : Bytes：47  01 CA 16 11 00 24 02 16 11 17 13 44 33 01 1A 61 01 81 00 8A 02 5F 20 64 00 00 04 CA 16 11 00 01 BB 06 BC 09 00 00 00 00 00 00 00 00 00 00 00 
[2016_11_17 13:54:39]Received：0x02 : Bytes：47  01 CA 16 11 00 24 02 16 11 17 13 54 37 01 1A 62 01 C9 00 AD 02 51 20 64 00 00 04 CA 16 11 00 01 BC 07 BC 05 00 00 00 00 00 00 00 00 00 00 00 
[2016_11_17 14:16:21]Received：0x22 : Bytes：31  01 CA 16 11 00 24 62 16 11 17 14 16 06 00 00 00 00 00 00 01 00 00 00 00 00 00 00 00 00 00 00 
[2016_11_17 14:16:21]Sent：0xA2 : Bytes：15  01 CA 16 11 00 24 A2 16 11 17 14 16 06 00 00 
[2016_11_17 14:16:22]Received：0x02 : Bytes：47  01 CA 16 11 00 24 02 16 11 17 14 15 27 01 1A 64 01 66 00 C8 02 79 20 64 00 00 04 CA 16 11 00 01 BD 08 BB 09 00 00 00 00 00 00 00 00 00 00 00 
[2016_11_17 14:24:54]Received：0x02 : Bytes：47  01 CA 16 11 00 24 02 16 11 17 14 24 53 01 1A 65 02 23 00 ED 02 44 20 64 00 00 04 CA 16 11 00 01 BB 0A BD 0A 00 00 00 00 00 00 00 00 00 00 00 
[2016_11_17 14:34:58]Received：0x02 : Bytes：47  01 CA 16 11 00 24 02 16 11 17 14 34 57 01 1A 66 01 CD 00 AC 02 4F 20 64 00 00 04 CA 16 11 00 01 BB 0B BB 11 00 00 00 00 00 00 00 00 00 00 00 
[2016_11_17 15:15:29]Received：0x02 : Bytes：47  01 CA 16 11 00 24 02 16 11 17 15 15 28 01 1A 6A 01 D0 00 A3 02 80 22 64 00 00 04 CA 16 11 00 01 BA 08 BE 08 00 00 00 00 00 00 00 00 00 00 00 
[2016_11_17 15:25:33]Received：0x02 : Bytes：47  01 CA 16 11 00 24 02 16 11 17 15 25 32 01 1A 6B 01 DC 02 05 03 86 20 64 00 00 04 CA 16 11 00 01 BB 07 BB 0B 00 00 00 00 00 00 00 00 00 00 00 
[2016_11_17 15:35:37]Received：0x02 : Bytes：47  01 CA 16 11 00 24 02 16 11 17 15 35 36 01 1A 6C 01 DE 02 12 03 3C 20 64 00 00 04 CA 16 11 00 01 BB 09 B9 0C 00 00 00 00 00 00 00 00 00 00 00 
[2016_11_17 15:45:42]Received：0x02 : Bytes：47  01 CA 16 11 00 24 02 16 11 17 15 45 41 01 1A 6D 01 C0 02 3D 03 31 20 64 00 00 04 CA 16 11 00 01 BB 07 BA 11 00 00 00 00 00 00 00 00 00 00 00 
[2016_11_17 16:05:49]Received：0x02 : Bytes：47  01 CA 16 11 00 24 02 16 11 17 16 05 49 01 1A 6F 01 C6 02 28 03 50 20 64 00 00 04 CA 16 11 00 01 BA 08 BB 0C 00 00 00 00 00 00 00 00 00 00 00 
[2016_11_17 16:18:10]Received：0x22 : Bytes：31  01 CA 16 11 00 24 62 16 11 17 16 17 10 00 00 00 00 00 00 01 00 00 00 00 00 00 00 00 00 00 00 
[2016_11_17 16:18:10]Sent：0xA2 : Bytes：15  01 CA 16 11 00 24 A2 16 11 17 16 17 10 00 00 
[2016_11_17 16:26:09]Received：0x02 : Bytes：47  01 CA 16 11 00 24 02 16 11 17 16 26 09 01 1A 71 01 D0 02 18 03 47 22 64 00 00 04 CA 16 11 00 01 BA 08 BB 0B 00 00 00 00 00 00 00 00 00 00 00 
[2016_11_17 16:36:01]Received：0x02 : Bytes：47  01 CA 16 11 00 24 02 16 11 17 16 36 00 01 1A 72 01 CC 02 30 03 25 20 64 00 00 04 CA 16 11 00 01 BA 09 BB 0A 00 00 00 00 00 00 00 00 00 00 00 
[2016_11_17 17:17:10]Received：0x02 : Bytes：47  01 CA 16 11 00 24 02 16 11 17 17 16 53 01 1A 76 01 A2 FF A0 03 91 20 64 00 00 04 CA 16 11 00 01 BA 09 BA 08 00 00 00 00 00 00 00 00 00 00 00 
[2016_11_17 17:17:10]Received：0x02 : Bytes：47  01 CA 16 11 00 24 02 16 11 17 17 16 36 01 1A 76 01 A8 FF 96 03 99 20 64 00 00 04 CA 16 11 00 01 BA 09 BA 0B 00 00 00 00 00 00 00 00 00 00 00 
[2016_11_17 18:08:19]Received：0x02 : Bytes：47  01 CA 16 11 00 24 02 16 11 17 18 07 44 01 1A 7B 01 B2 FF 8A 03 91 20 64 00 00 04 CA 16 11 00 01 BA 08 BA 0B 00 00 00 00 00 00 00 00 00 00 00 
[2016_11_17 20:08:47]Received：0x02 : Bytes：47  01 CA 16 11 00 24 02 16 11 17 20 08 36 01 1A 87 FF CE FF D6 00 A9 22 64 00 00 04 CA 16 11 00 01 B9 08 BB 0B 00 00 00 00 00 00 00 00 00 00 00 
[2016_11_17 20:49:04]Received：0x02 : Bytes：47  01 CA 16 11 00 24 02 16 11 17 20 49 04 01 1A 8B 01 D0 00 9D 02 51 22 64 00 00 04 CA 16 11 00 01 B9 07 BE 08 00 00 00 00 00 00 00 00 00 00 00 
