[2016_11_18 01:37:00]Receive: 0x22 : Bytes: 31 01 CA 16 11 00 24 62 16 11 18 01 36 09 00 00 00 00 00 00 01 00 00 00 00 00 00 00 00 00 00 00
[2016_11_18 01:37:00]Send: 0xA2 : Bytes: 15 01 CA 16 11 00 24 A2 16 11 18 01 36 09 00 00
[2016_11_18 02:03:32]Receive: 0x02 : Bytes: 47 01 CA 16 11 00 24 02 16 11 18 02 03 23 01 1A AA 02 04 00 D4 03 18 20 64 00 00 04 CA 16 11 00 01 BA 07 BA 0C 00 00 00
00 00 00 00 00 00 00 00
[2016_11_18 06:16:42]Receive: 0x02 : Bytes: 47 01 CA 16 11 00 24 02 16 11 18 06 16 31 01 1A C3 01 F7 00 D2 03 30 22 64 00 00 04 CA 16 11 00 01 BA 07 BA 09 00 00 00 00 00 00 00 00 00 00 00
[2016_11_18 06:21:49]Receive: 0x22 : Bytes: 31 01 CA 16 11 00 24 62 16 11 18 06 21 48 00 00 00 00 00 00 01 00 00 00 00 00 00 00 00 00 00 00
[2016_11_18 06:21:49]Send: 0xA2 : Bytes: 15 01 CA 16 11 00 24 A2 16 11 18 06 21 48 00 00
[2016_11_18 06:27:20]Receive: 0x02 : Bytes: 47 01 CA 16 11 00 24 02 16 11 18 06 27 11 01 1A C4 01 EB 00 FA 03 12 20 64 00 00 04 CA 16 11 00 01 B9 0A B9 0C 00 00 00 00 00 00 00 00 00 00 00
[2016_11_18 06:27:51]Receive: 0x22 : Bytes: 31 01 CA 16 11 00 24 62 16 11 18 06 27 50 00 00 00 00 00 00 01 00 00 00 00 00 00 00
00 00 00 00
[2016_11_18 06:27:51]Send: 0xA2 : Bytes: 15 01 CA 16 11 00 24 A2 16 11 18 06 27 50 00 00
[2016_11_18 07:07:02]Receive: 0x02 : Bytes: 47 01 CA 16 11 00 24 02 16 11 18 07 07 02 01 1A C8 01 C2 00 AB 02 88 22 64 00 00 04 CA 16 11 00 01 BA 0C BE 10 00 00 00 00 00 00 00 00 00 00 00
[2016_11_18 07:17:06]Receive: 0x02 : Bytes: 47 01 CA 16 11 00 24 02 16 11 18 07 17 06 01 1A C9 01 B8 00
C1 02 68 20 64 00 00 04 CA 16 11 00 01 BB 09 BE 06 00 00 00 00 00 00 00 00 00 00 00
[2016_11_18 07:27:10]Receive: 0x02 : Bytes: 47 01 CA 16 11 00 24 02 16 11 18 07 27 10 01 1A CA 01 C5 00 A9 02 6E 20 64 00 00 04 CA 16 11 00 01 BD 07 C0 03 00 00 00 00 00 00 00 00 00 00 00
[2016_11_18 07:37:14]Receive: 0x02 : Bytes: 47 01 CA 16 11 00 24 02 16 11 18 07 37 14 01 1A
CB 01 B3 00 C3 02 76 20 64 00 00 04 CA 16 11 00 01 BE 05 BF 06 00 00 00 00 00 00 00 00 00 00 00
[2016_11_18 07:47:17]Receive: 0x02 : Bytes: 47 01 CA 16 11 00 24 02 16 11 18 07 47 16 01 1A CC 01 C4 00 B2 02 64 20 64 00 00 04 CA 16 11 00 01 BE 05 C0 07 00 00 00 00 00 00 00 00 00 00 00
[2016_11_18 07:57:21]Receive: 0x02 : Bytes: 47 01 CA 16 11 00 24 02 16 11 18 07
57 20 01 1A CD 01 AD 00 CC 02 7A 20 64 00 00 04 CA 16 11 00 01 BF 05 BC 09 00 00 00 00 00 00 00 00 00 00 00
[2016_11_18 08:27:39]Receive: 0x02 : Bytes: 47 01 CA 16 11 00 24 02 16 11 18 08 27 38 01 1A D0 01 8E 00 EF 02 76 22 64 00 00 04 CA 16 11 00 01 BE 04 BD 0B 00 00 00 00 00 00 00 00 00 00 00
[2016_11_18 08:37:42]Receive: 0x02 : Bytes: 47 01 CA 16 11 00 24 02
16 11 18 08 37 41 01 1A D1 01 B6 00 C3 02 56 20 64 00 00 04 CA 16 11 00 01 BE 04 BE 07 00 00 00 00 00 00 00 00 00 00 00