[2016_11_18 00:07:27] Received: 0x22 : Bytes: 31 01 CA 16 11 00 28 62 16 11 18 00 07 26 00 00 00 00 00 00 01 00 00 00 00 00 00 00 00 00 00 00 
[2016_11_18 00:07:27] Sent: 0xA2 : Bytes: 15 01 CA 16 11 00 28 A2 16 11 18 00 07 26 00 00 
[2016_11_18 00:08:53] Received: 0x02 : Bytes: 47 01 CA 16 11 00 28 02 16 11 18 00 08 52 00 1A 98 02 01 01 66 01 8F 20 64 00 00 04 CA 16 11 00 01 C1 05 C1 08 00 00 00 00 00 00 00 00 00 00 00 
[2016_11_18 00:18:57] Received: 0x02 : Bytes: 47 01 CA 16 11 00 28 02 16 11 18 00 18 56 00 1A 99 02 07 01 5A 01 94 20 64 00 00 04 CA 16 11 00 01 C1 05 C3 02 00 00 00 00 00 00 00 00 00 00 00 
[2016_11_18 00:29:01] Received: 0x02 : Bytes: 47 01 CA 16 11 00 28 02 16 11 18 00 29 00 00 1A 9A 02 0A 01 60 01 91 20 64 00 00 04 CA 16 11 00 01 C1 05 C1 0B 00 00 00 00 00 00 00 00 00 00 00 
[2016_11_18 00:39:05] Received: 0x02 : Bytes: 47 01 CA 16 11 00 28 02 16 11 18 00 39 04 00 1A 9B 02 0A 01 5A 01 94 20 64 00 00 04 CA 16 11 00 01 C1 04 C1 07 00 00 00 00 00 00 00 00 00 00 00 
[2016_11_18 00:59:13] Received: 0x02 : Bytes: 47 01 CA 16 11 00 28 02 16 11 18 00 59 12 00 1A 9D 02 10 01 48 01 AB 20 64 00 00 04 CA 16 11 00 01 C1 03 C1 0C 00 00 00 00 00 00 00 00 00 00 00 
[2016_11_18 01:09:16] Received: 0x02 : Bytes: 47 01 CA 16 11 00 28 02 16 11 18 01 09 15 00 1A 9E 02 07 01 65 01 81 20 64 00 00 04 CA 16 11 00 01 C1 04 C1 07 00 00 00 00 00 00 00 00 00 00 00 
[2016_11_18 01:19:20] Received: 0x02 : Bytes: 47 01 CA 16 11 00 28 02 16 11 18 01 19 19 00 1A 9F 02 0A 01 67 01 82 20 64 00 00 04 CA 16 11 00 01 C1 05 C2 06 00 00 00 00 00 00 00 00 00 00 00 
[2016_11_18 01:29:26] Received: 0x02 : Bytes: 47 01 CA 16 11 00 28 02 16 11 18 01 29 23 00 1A A0 02 08 01 66 01 7E 20 64 00 00 04 CA 16 11 00 01 C1 08 C1 05 00 00 00 00 00 00 00 00 00 00 00 
[2016_11_18 01:39:28] Received: 0x02 : Bytes: 47 01 CA 16 11 00 28 02 16 11 18 01 39 27 00 1A A1 02 05 01 68 01 80 20 64 00 00 04 CA 16 11 00 01 C1 09 C0 04 00 00 00 00 00 00 00 00 00 00 00 
[2016_11_18 01:49:32] Received: 0x02 : Bytes: 47 01 CA 16 11 00 28 02 16 11 18 01 49 31 00 1A A2 02 08 01 66 01 82 20 64 00 00 04 CA 16 11 00 01 C1 07 C1 07 00 00 00 00 00 00 00 00 00 00 00 
[2016_11_18 01:59:36] Received: 0x02 : Bytes: 47 01 CA 16 11 00 28 02 16 11 18 01 59 35 00 1A A3 02 08 01 67 01 7E 20 64 00 00 04 CA 16 11 00 01 C1 08 C2 05 00 00 00 00 00 00 00 00 00 00 00 
[2016_11_18 02:09:39] Received: 0x02 : Bytes: 47 01 CA 16 11 00 28 02 16 11 18 02 09 38 00 1A A4 02 07 01 62 01 7F 20 64 00 00 04 CA 16 11 00 01 C1 05 C1 10 00 00 00 00 00 00 00 00 00 00 00 
[2016_11_18 02:19:43] Received: 0x02 : Bytes: 47 01 CA 16 11 00 28 02 16 11 18 02 19 42 00 1A A5 02 0C 01 56 01 95 21 64 00 00 04 CA 16 11 00 01 C1 05 C1 06 00 00 00 00 00 00 00 00 00 00 00 
[2016_11_18 02:29:47] Received: 0x02 : Bytes: 47 01 CA 16 11 00 28 02 16 11 18 02 29 46 00 1A A6 02 05 01 63 01 7E 20 64 00 00 04 CA 16 11 00 01 C1 07 C0 04 00 00 00 00 00 00 00 00 00 00 00 
[2016_11_18 02:39:51] Received: 0x02 : Bytes: 47 01 CA 16 11 00 28 02 16 11 18 02 39 51 00 1A A7 02 0E 01 5A 01 97 20 64 00 00 04 CA 16 11 00 01 C1 05 C1 08 00 00 00 00 00 00 00 00 00 00 00 
[2016_11_18 02:49:53] Received: 0x02 : Bytes: 47 01 CA 16 11 00 28 02 16 11 18 02 49 51 00 1A A8 02 0D 01 58 01 93 20 64 00 00 04 CA 16 11 00 01 C1 05 C2 0A 00 00 00 00 00 00 00 00 00 00 00 
[2016_11_18 02:59:57] Received: 0x02 : Bytes: 47 01 CA 16 11 00 28 02 16 11 18 02 59 56 00 1A A9 02 0D 01 58 01 93 20 64 00 00 04 CA 16 11 00 01 C1 06 C2 0B 00 00 00 00 00 00 00 00 00 00 00 
[2016_11_18 03:10:02] Received: 0x02 : Bytes: 47 01 CA 16 11 00 28 02 16 11 18 03 10 01 00 1A AA 02 0B 01 57 01 93 20 64 00 00 04 CA 16 11 00 01 C1 05 C1 05 00 00 00 00 00 00 00 00 00 00 00 
[2016_11_18 03:20:05] Received: 0x02 : Bytes: 47 01 CA 16 11 00 28 02 16 11 18 03 20 05 00 1A AB 02 0F 01 58 01 93 20 64 00 00 04 CA 16 11 00 01 C1 08 C2 02 00 00 00 00 00 00 00 00 00 00 00 
[2016_11_18 03:30:09] Received: 0x02 : Bytes: 47 01 CA 16 11 00 28 02 16 11 18 03 30 09 00 1A AC 02 10 01 48 01 AA 20 64 00 00 04 CA 16 11 00 01 C1 08 C1 07 00 00 00 00 00 00 00 00 00 00 00 
[2016_11_18 03:40:14] Received: 0x02 : Bytes: 47 01 CA 16 11 00 28 02 16 11 18 03 40 13 00 1A AD 02 10 01 4A 01 AC 20 64 00 00 04 CA 16 11 00 01 C1 07 C2 0D 00 00 00 00 00 00 00 00 00 00 00 
[2016_11_18 03:50:16] Received: 0x02 : Bytes: 47 01 CA 16 11 00 28 02 16 11 18 03 50 15 00 1A AE 02 08 01 68 01 82 20 64 00 00 04 CA 16 11 00 01 C1 07 C2 06 00 00 00 00 00 00 00 00 00 00 00 
[2016_11_18 04:00:19] Received: 0x02 : Bytes: 47 01 CA 16 11 00 28 02 16 11 18 04 00 19 00 1A AF 02 08 01 68 01 7F 20 64 00 00 04 CA 16 11 00 01 C1 05 C2 07 00 00 00 00 00 00 00 00 00 00 00 
[2016_11_18 04:10:24] Received: 0x02 : Bytes: 47 01 CA 16 11 00 28 02 16 11 18 04 10 23 00 1A B0 02 0C 01 57 01 93 20 64 00 00 04 CA 16 11 00 01 C1 05 C2 05 00 00 00 00 00 00 00 00 00 00 00 
[2016_11_18 04:20:28] Received: 0x02 : Bytes: 47 01 CA 16 11 00 28 02 16 11 18 04 20 27 00 1A B1 02 07 01 67 01 81 20 64 00 00 04 CA 16 11 00 01 C1 05 C1 03 00 00 00 00 00 00 00 00 00 00 00 
[2016_11_18 04:30:32] Received: 0x02 : Bytes: 47 01 CA 16 11 00 28 02 16 11 18 04 30 31 00 1A B2 02 09 01 66 01 7E 20 64 00 00 04 CA 16 11 00 01 C1 09 C2 0A 00 00 00 00 00 00 00 00 00 00 00 
[2016_11_18 04:40:37] Received: 0x02 : Bytes: 47 01 CA 16 11 00 28 02 16 11 18 04 40 36 00 1A B3 01 BE 01 F0 01 52 20 64 00 00 04 CA 16 11 00 01 C1 0B C2 05 00 00 00 00 00 00 00 00 00 00 00 
[2016_11_18 04:50:40] Received: 0x02 : Bytes: 47 01 CA 16 11 00 28 02 16 11 18 04 50 39 00 1A B4 01 7B 01 6F 01 62 20 64 00 00 04 CA 16 11 00 01 C1 0B C9 05 00 00 00 00 00 00 00 00 00 00 00 
[2016_11_18 04:51:16] Received: 0x22 : Bytes: 31 01 CA 16 11 00 28 62 16 11 18 04 51 15 00 00 00 00 00 00 01 00 00 00 00 00 00 00 00 00 00 00 
[2016_11_18 04:51:16] Sent: 0xA2 : Bytes: 15 01 CA 16 11 00 28 A2 16 11 18 04 51 15 00 00 
[2016_11_18 05:00:43] Received: 0x02 : Bytes: 47 01 CA 16 11 00 28 02 16 11 18 05 00 42 00 1A B5 01 7B 01 6C 01 63 20 64 00 00 04 CA 16 11 00 01 C5 07 C9 05 00 00 00 00 00 00 00 00 00 00 00 
[2016_11_18 05:10:47] Received: 0x02 : Bytes: 47 01 CA 16 11 00 28 02 16 11 18 05 10 46 00 1A B6 01 78 01 6F 01 62 20 64 00 00 04 CA 16 11 00 01 C6 04 C9 08 00 00 00 00 00 00 00 00 00 00 00 
[2016_11_18 05:20:51] Received: 0x02 : Bytes: 47 01 CA 16 11 00 28 02 16 11 18 05 20 50 00 1A B7 01 79 01 6D 01 63 20 64 00 00 04 CA 16 11 00 01 C8 05 C9 09 00 00 00 00 00 00 00 00 00 00 00 
[2016_11_18 05:30:55] Received: 0x02 : Bytes: 47 01 CA 16 11 00 28 02 16 11 18 05 30 54 00 1A B8 01 78 01 6F 01 64 20 64 00 00 04 CA 16 11 00 01 C8 06 C9 03 00 00 00 00 00 00 00 00 00 00 00 
[2016_11_18 05:40:59] Received: 0x02 : Bytes: 47 01 CA 16 11 00 28 02 16 11 18 05 40 58 00 1A B9 00 AE 01 BD 02 34 20 64 00 00 04 CA 16 11 00 01 C9 06 C0 05 00 00 00 00 00 00 00 00 00 00 00 
[2016_11_18 05:51:03] Received: 0x02 : Bytes: 47 01 CA 16 11 00 28 02 16 11 18 05 51 02 00 1A BA 00 BC 01 BE 02 44 20 64 00 00 04 CA 16 11 00 01 C7 08 C0 09 00 00 00 00 00 00 00 00 00 00 00 
[2016_11_18 06:01:07] Received: 0x02 : Bytes: 47 01 CA 16 11 00 28 02 16 11 18 06 01 06 00 1A BB 00 AC 01 C7 02 4A 20 64 00 00 04 CA 16 11 00 01 C4 07 BF 0D 00 00 00 00 00 00 00 00 00 00 00 
[2016_11_18 06:11:11] Received: 0x02 : Bytes: 47 01 CA 16 11 00 28 02 16 11 18 06 11 10 00 1A BC 00 BD 01 AB 02 5A 20 64 00 00 04 CA 16 11 00 01 C2 07 C0 05 00 00 00 00 00 00 00 00 00 00 00 
[2016_11_18 06:21:15] Received: 0x02 : Bytes: 47 01 CA 16 11 00 28 02 16 11 18 06 21 14 00 1A BD 00 C9 01 9A 02 61 20 64 00 00 04 CA 16 11 00 01 BF 08 BF 0B 00 00 00 00 00 00 00 00 00 00 00 
[2016_11_18 06:31:19] Received: 0x02 : Bytes: 47 01 CA 16 11 00 28 02 16 11 18 06 31 18 00 1A BE 00 A3 01 DA 02 36 20 64 00 00 04 CA 16 11 00 01 BF 07 C0 0A 00 00 00 00 00 00 00 00 00 00 00 
[2016_11_18 06:41:23] Received: 0x02 : Bytes: 47 01 CA 16 11 00 28 02 16 11 18 06 41 22 00 1A BF 00 90 01 F4 02 41 20 64 00 00 04 CA 16 11 00 01 C0 07 C0 06 00 00 00 00 00 00 00 00 00 00 00 
[2016_11_18 06:51:27] Received: 0x02 : Bytes: 47 01 CA 16 11 00 28 02 16 11 18 06 51 26 00 1A C0 00 9F 01 E9 02 2C 20 64 00 00 04 CA 16 11 00 01 C0 06 C0 08 00 00 00 00 00 00 00 00 00 00 00 
[2016_11_18 07:01:31] Received: 0x02 : Bytes: 47 01 CA 16 11 00 28 02 16 11 18 07 01 30 00 1A C1 00 A0 01 E4 02 35 20 64 00 00 04 CA 16 11 00 01 C0 06 C0 08 00 00 00 00 00 00 00 00 00 00 00 
[2016_11_18 07:11:35] Received: 0x02 : Bytes: 47 01 CA 16 11 00 28 02 16 11 18 07 11 34 00 1A C2 00 BD 01 CB 02 21 20 64 00 00 04 CA 16 11 00 01 C0 08 C1 06 00 00 00 00 00 00 00 00 00 00 00 
[2016_11_18 07:21:39] Received: 0x02 : Bytes: 47 01 CA 16 11 00 28 02 16 11 18 07 21 39 00 1A C3 00 B3 01 D1 02 3A 20 64 00 00 04 CA 16 11 00 01 C0 08 C0 06 00 00 00 00 00 00 00 00 00 00 00 
[2016_11_18 07:31:43] Received: 0x02 : Bytes: 47 01 CA 16 11 00 28 02 16 11 18 07 31 42 00 1A C4 00 9E 01 DE 02 50 20 64 00 00 04 CA 16 11 00 01 C0 08 C1 05 00 00 00 00 00 00 00 00 00 00 00 
[2016_11_18 07:41:47] Received: 0x02 : Bytes: 47 01 CA 16 11 00 28 02 16 11 18 07 41 46 00 1A C5 01 87 01 5B 01 5A 20 64 00 00 04 CA 16 11 00 01 C0 07 C8 05 00 00 00 00 00 00 00 00 00 00 00 
[2016_11_18 07:51:51] Received: 0x02 : Bytes: 47 01 CA 16 11 00 28 02 16 11 18 07 51 50 00 1A C6 01 72 01 7D 01 60 20 64 00 00 04 CA 16 11 00 01 C2 06 CA 05 00 00 00 00 00 00 00 00 00 00 00 
[2016_11_18 08:01:53] Received: 0x02 : Bytes: 47 01 CA 16 11 00 28 02 16 11 18 08 01 52 00 1A C7 01 65 01 86 01 6C 20 64 00 00 04 CA 16 11 00 01 C4 06 CA 04 00 00 00 00 00 00 00 00 00 00 00 
[2016_11_18 08:11:57] Received: 0x02 : Bytes: 47 01 CA 16 11 00 28 02 16 11 18 08 11 56 00 1A C8 01 52 01 99 01 72 20 64 00 00 04 CA 16 11 00 01 C7 07 C9 0B 00 00 00 00 00 00 00 00 00 00 00 
[2016_11_18 08:22:01] Received: 0x02 : Bytes: 47 01 CA 16 11 00 28 02 16 11 18 08 22 00 00 1A C9 01 44 01 A8 01 7B 20 64 00 00 04 CA 16 11 00 01 C9 07 C9 0C 00 00 00 00 00 00 00 00 00 00 00 
[2016_11_18 08:32:05] Received: 0x02 : Bytes: 47 01 CA 16 11 00 28 02 16 11 18 08 32 04 00 1A CA 01 4E 01 9B 01 72 20 64 00 00 04 CA 16 11 00 01 C9 07 C9 08 00 00 00 00 00 00 00 00 00 00 00 