[2016_11_18 00:05:42]Received：0x02 : Bytes：47  01 CA 16 11 00 25 02 16 11 18 00 05 41 01 1A A1 FF 20 02 AC FE 3F 22 64 00 00 04 CA 16 11 00 01 BA 0A BB 0D 00 00 00 00 00 00 00 00 00 00 00 
[2016_11_18 00:15:45]Received：0x02 : Bytes：47  01 CA 16 11 00 25 02 16 11 18 00 15 44 01 1A A2 FF 19 02 A8 FE 3F 22 64 00 00 04 CA 16 11 00 01 BA 0B B9 0E 00 00 00 00 00 00 00 00 00 00 00 
[2016_11_18 00:26:32]Received：0x02 : Bytes：47  01 CA 16 11 00 25 02 16 11 18 00 26 13 01 1A A3 FF 0C 02 B5 FE 24 20 64 00 00 04 CA 16 11 00 01 BA 0B B9 0B 00 00 00 00 00 00 00 00 00 00 00 
[2016_11_18 00:56:08]Received：0x22 : Bytes：31  01 CA 16 11 00 25 62 16 11 18 00 56 07 00 00 00 00 00 00 01 00 00 00 00 00 00 00 00 00 00 00 
[2016_11_18 00:56:08]Sent：0xA2 : Bytes：15  01 CA 16 11 00 25 A2 16 11 18 00 56 07 00 00 
[2016_11_18 00:56:11]Received：0x22 : Bytes：31  01 CA 16 11 00 25 62 16 11 18 00 56 07 00 00 00 00 00 00 01 00 00 00 00 00 00 00 00 00 00 00 
[2016_11_18 00:56:11]Sent：0xA2 : Bytes：15  01 CA 16 11 00 25 A2 16 11 18 00 56 07 00 00 
[2016_11_18 00:56:11]Received：0x02 : Bytes：47  01 CA 16 11 00 25 02 16 11 18 00 55 58 01 1A A6 FF 1C 02 AC FE 3E 22 64 00 00 04 CA 16 11 00 01 BA 0B BA 0A 00 00 00 00 00 00 00 00 00 00 00 
[2016_11_18 01:16:18]Received：0x02 : Bytes：47  01 CA 16 11 00 25 02 16 11 18 01 16 16 01 1A A8 FF 27 02 A9 FE 42 22 64 00 00 04 CA 16 11 00 01 BB 09 BA 07 00 00 00 00 00 00 00 00 00 00 00 
[2016_11_18 01:36:25]Received：0x02 : Bytes：47  01 CA 16 11 00 25 02 16 11 18 01 36 24 01 1A AA FF 1D 02 AB FE 3E 22 64 00 00 04 CA 16 11 00 01 BA 0A B9 0D 00 00 00 00 00 00 00 00 00 00 00 
[2016_11_18 01:46:16]Received：0x02 : Bytes：47  01 CA 16 11 00 25 02 16 11 18 01 46 15 01 1A AB FF 16 02 BF FE 22 20 64 00 00 04 CA 16 11 00 01 BA 08 BC 0D 00 00 00 00 00 00 00 00 00 00 00 
[2016_11_18 01:56:23]Received：0x02 : Bytes：47  01 CA 16 11 00 25 02 16 11 18 01 56 20 01 1A AC FF 16 02 BF FE 25 20 64 00 00 04 CA 16 11 00 01 BA 08 B9 0D 00 00 00 00 00 00 00 00 00 00 00 
[2016_11_18 02:16:41]Received：0x02 : Bytes：47  01 CA 16 11 00 25 02 16 11 18 02 16 30 01 1A AE FF 1B 02 AE FE 40 22 64 00 00 04 CA 16 11 00 01 BA 08 BA 0A 00 00 00 00 00 00 00 00 00 00 00 
[2016_11_18 02:26:35]Received：0x02 : Bytes：47  01 CA 16 11 00 25 02 16 11 18 02 26 34 01 1A AF FF 20 02 A6 FE 30 20 64 00 00 04 CA 16 11 00 01 BA 06 BA 0A 00 00 00 00 00 00 00 00 00 00 00 
[2016_11_18 02:37:23]Received：0x02 : Bytes：47  01 CA 16 11 00 25 02 16 11 18 02 37 14 01 1A B0 FF 17 02 C0 FE 23 20 64 00 00 04 CA 16 11 00 01 BA 09 BA 0C 00 00 00 00 00 00 00 00 00 00 00 
[2016_11_18 02:46:41]Received：0x02 : Bytes：47  01 CA 16 11 00 25 02 16 11 18 02 46 40 01 1A B1 FF 13 02 D2 FE 04 20 64 00 00 04 CA 16 11 00 01 BA 09 BA 0B 00 00 00 00 00 00 00 00 00 00 00 
[2016_11_18 03:27:15]Received：0x02 : Bytes：47  01 CA 16 11 00 25 02 16 11 18 03 27 04 01 1A B5 FF 1B 02 AB FE 3E 22 64 00 00 04 CA 16 11 00 01 BA 0A BA 13 00 00 00 00 00 00 00 00 00 00 00 
[2016_11_18 04:48:01]Received：0x02 : Bytes：47  01 CA 16 11 00 25 02 16 11 18 04 48 00 01 1A BD FF 1F 02 AC FE 3F 22 64 00 00 04 CA 16 11 00 01 BA 0C BA 10 00 00 00 00 00 00 00 00 00 00 00 
[2016_11_18 04:58:17]Received：0x02 : Bytes：47  01 CA 16 11 00 25 02 16 11 18 04 58 16 01 1A BE FF 1C 02 AD FE 3C 22 64 00 00 04 CA 16 11 00 01 BA 0A B9 09 00 00 00 00 00 00 00 00 00 00 00 
[2016_11_18 06:49:25]Received：0x02 : Bytes：47  01 CA 16 11 00 25 02 16 11 18 06 49 24 01 1A C9 FF 03 02 76 FE 45 22 64 00 00 04 CA 16 11 00 01 BA 0A BB 0A 00 00 00 00 00 00 00 00 00 00 00 
[2016_11_18 06:59:29]Received：0x02 : Bytes：47  01 CA 16 11 00 25 02 16 11 18 06 59 28 01 1A CA FE 69 02 87 FF A6 20 64 00 00 04 CA 16 11 00 01 BA 08 BD 07 00 00 00 00 00 00 00 00 00 00 00 
[2016_11_18 07:09:33]Received：0x02 : Bytes：47  01 CA 16 11 00 25 02 16 11 18 07 09 32 01 1A CB FE 54 02 75 FF A3 20 64 00 00 04 CA 16 11 00 01 BC 07 C0 0A 00 00 00 00 00 00 00 00 00 00 00 
[2016_11_18 07:19:38]Received：0x02 : Bytes：47  01 CA 16 11 00 25 02 16 11 18 07 19 36 01 1A CC FE 4F 02 1B 00 6E 20 64 00 00 04 CA 16 11 00 01 BD 06 BF 08 00 00 00 00 00 00 00 00 00 00 00 
[2016_11_18 07:29:41]Received：0x02 : Bytes：47  01 CA 16 11 00 25 02 16 11 18 07 29 40 01 1A CD FE 81 02 96 FF 99 20 64 00 00 04 CA 16 11 00 01 BF 06 C0 06 00 00 00 00 00 00 00 00 00 00 00 
[2016_11_18 07:49:49]Received：0x02 : Bytes：47  01 CA 16 11 00 25 02 16 11 18 07 49 48 01 1A CF FE 77 02 75 FF AE 20 64 00 00 04 CA 16 11 00 01 C0 05 BF 0C 00 00 00 00 00 00 00 00 00 00 00 
[2016_11_18 07:59:53]Received：0x02 : Bytes：47  01 CA 16 11 00 25 02 16 11 18 07 59 52 01 1A D0 FE 74 02 BA FF 72 20 64 00 00 04 CA 16 11 00 01 C0 06 BD 0C 00 00 00 00 00 00 00 00 00 00 00 
[2016_11_18 08:20:05]Received：0x02 : Bytes：47  01 CA 16 11 00 25 02 16 11 18 08 20 05 01 1A D2 FE 6D 02 6C FF B2 22 64 00 00 04 CA 16 11 00 01 C0 06 C0 07 00 00 00 00 00 00 00 00 00 00 00 
[2016_11_18 08:30:09]Received：0x02 : Bytes：47  01 CA 16 11 00 25 02 16 11 18 08 30 09 01 1A D3 FE 9C 02 BC FF 4F 20 64 00 00 04 CA 16 11 00 01 C0 04 BE 05 00 00 00 00 00 00 00 00 00 00 00 
